   0.0000000e+00
   2.4999167e-01
   9.9986667e-01
   2.2493251e+00
   3.9978671e+00
   6.2447934e+00
   8.9892052e+00
   1.2230005e+01
   1.5965896e+01
   2.0195384e+01
   2.4916778e+01
   3.0128188e+01
   3.5827531e+01
   4.2012527e+01
   4.8680702e+01
   5.5829389e+01
   6.3455727e+01
   7.1556668e+01
   8.0128970e+01
   8.9169206e+01
   9.8673757e+01
   1.0863882e+02
   1.1906042e+02
   1.2993438e+02
   1.4125635e+02
   1.5302180e+02
   1.6522603e+02
   1.7786415e+02
   1.9093111e+02
   2.0442169e+02
   2.1833048e+02
   2.3265193e+02
   2.4738030e+02
   2.6250971e+02
   2.7803410e+02
   2.9394727e+02
   3.1024284e+02
   3.2691430e+02
   3.4395499e+02
   3.6135808e+02
   3.7911661e+02
   3.9722349e+02
   4.1567147e+02
   4.3445316e+02
   4.5356107e+02
   4.7298754e+02
   4.9272480e+02
   5.1276497e+02
   5.3310002e+02
   5.5372182e+02
   5.7462212e+02
   5.9579256e+02
   6.1722468e+02
   6.3890990e+02
   6.6083954e+02
   6.8300485e+02
   7.0539694e+02
   7.2800687e+02
   7.5082559e+02
   7.7384397e+02
   7.9705281e+02
   8.2044282e+02
   8.4400464e+02
   8.6772886e+02
   8.9160599e+02
   9.1562646e+02
   9.3978069e+02
   9.6405899e+02
   9.8845167e+02
   1.0129490e+03
   1.0375411e+03
   1.0622182e+03
   1.0869704e+03
   1.1117878e+03
   1.1366605e+03
   1.1615785e+03
   1.1865319e+03
   1.2115107e+03
   1.2365049e+03
   1.2615044e+03
   1.2864994e+03
   1.3114798e+03
   1.3364356e+03
   1.3613568e+03
   1.3862334e+03
   1.4110556e+03
   1.4358134e+03
   1.4604968e+03
   1.4850960e+03
   1.5096013e+03
   1.5340026e+03
   1.5582904e+03
   1.5824548e+03
   1.6064863e+03
   1.6303752e+03
   1.6541120e+03
   1.6776871e+03
   1.7010911e+03
   1.7243147e+03
   1.7473486e+03
   1.7701835e+03
   1.7928104e+03
   1.8152202e+03
   1.8374039e+03
   1.8593526e+03
   1.8810576e+03
   1.9025102e+03
   1.9237018e+03
   1.9446239e+03
   1.9652682e+03
   1.9856264e+03
   2.0056903e+03
   2.0254520e+03
   2.0449035e+03
   2.0640371e+03
   2.0828450e+03
   2.1013199e+03
   2.1194542e+03
   2.1372407e+03
   2.1546723e+03
   2.1717421e+03
   2.1884433e+03
   2.2047690e+03
   2.2207129e+03
   2.2362684e+03
   2.2514295e+03
   2.2661900e+03
   2.2805441e+03
   2.2944860e+03
   2.3080101e+03
   2.3211109e+03
   2.3337834e+03
   2.3460224e+03
   2.3578229e+03
   2.3691804e+03
   2.3800902e+03
   2.3905480e+03
   2.4005495e+03
   2.4100909e+03
   2.4191682e+03
   2.4277779e+03
   2.4359165e+03
   2.4435808e+03
   2.4507676e+03
   2.4574741e+03
   2.4636977e+03
   2.4694358e+03
   2.4746862e+03
   2.4794466e+03
   2.4837154e+03
   2.4874906e+03
   2.4907709e+03
   2.4935549e+03
   2.4958415e+03
   2.4976297e+03
   2.4989189e+03
   2.4997086e+03
   2.4999984e+03
   2.4997882e+03
   2.4990782e+03
   2.4978685e+03
   2.4961596e+03
   2.4939524e+03
   2.4912475e+03
   2.4880462e+03
   2.4843497e+03
   2.4801595e+03
   2.4754772e+03
   2.4703047e+03
   2.4646442e+03
   2.4584977e+03
   2.4518679e+03
   2.4447574e+03
   2.4371690e+03
   2.4291057e+03
   2.4205709e+03
   2.4115678e+03
   2.4021000e+03
   2.3921715e+03
   2.3817861e+03
   2.3709480e+03
   2.3596616e+03
   2.3479313e+03
   2.3357618e+03
   2.3231580e+03
   2.3101250e+03
   2.2966680e+03
   2.2827923e+03
   2.2685035e+03
   2.2538073e+03
   2.2387096e+03
   2.2232165e+03
   2.2073340e+03
   2.1910687e+03
   2.1744269e+03
   2.1574154e+03
   2.1400409e+03
   2.1223104e+03
   2.1042310e+03
   2.0858099e+03
   2.0670545e+03
   2.0479723e+03
   2.0285709e+03
   2.0088581e+03
   1.9888418e+03
   1.9685299e+03
   1.9479307e+03
   1.9270522e+03
   1.9059030e+03
   1.8844914e+03
   1.8628260e+03
   1.8409155e+03
   1.8187687e+03
   1.7963943e+03
   1.7738014e+03
   1.7509990e+03
   1.7279961e+03
   1.7048021e+03
   1.6814262e+03
   1.6578777e+03
   1.6341661e+03
   1.6103008e+03
   1.5862914e+03
   1.5621475e+03
   1.5378787e+03
   1.5134947e+03
   1.4890054e+03
   1.4644205e+03
   1.4397498e+03
   1.4150032e+03
   1.3901907e+03
   1.3653220e+03
   1.3404072e+03
   1.3154563e+03
   1.2904791e+03
   1.2654858e+03
   1.2404863e+03
   1.2154906e+03
   1.1905087e+03
   1.1655506e+03
   1.1406263e+03
   1.1157457e+03
   1.0909188e+03
   1.0661556e+03
   1.0414658e+03
   1.0168595e+03
   9.9234649e+02
   9.6793649e+02
   9.4363932e+02
   9.1946469e+02
   8.9542227e+02
   8.7152167e+02
   8.4777246e+02
   8.2418414e+02
   8.0076614e+02
   7.7752782e+02
   7.5447849e+02
   7.3162736e+02
   7.0898357e+02
   6.8655618e+02
   6.6435416e+02
   6.4238639e+02
   6.2066166e+02
   5.9918866e+02
   5.7797597e+02
   5.5703208e+02
   5.3636537e+02
   5.1598410e+02
   4.9589644e+02
   4.7611040e+02
   4.5663391e+02
   4.3747475e+02
   4.1864059e+02
   4.0013897e+02
   3.8197728e+02
   3.6416278e+02
   3.4670261e+02
   3.2960375e+02
   3.1287303e+02
   2.9651715e+02
   2.8054265e+02
   2.6495592e+02
   2.4976320e+02
   2.3497056e+02
   2.2058391e+02
   2.0660902e+02
   1.9305147e+02
   1.7991669e+02
   1.6720992e+02
   1.5493626e+02
   1.4310060e+02
   1.3170770e+02
   1.2076209e+02
   1.1026816e+02
   1.0023012e+02
   9.0651962e+01
   8.1537530e+01
   7.2890468e+01
   6.4714234e+01
   5.7012098e+01
   4.9787142e+01
   4.3042254e+01
   3.6780134e+01
   3.1003286e+01
   2.5714020e+01
   2.0914452e+01
   1.6606502e+01
   1.2791893e+01
   9.4721503e+00
   6.6486025e+00
   4.3223787e+00
   2.4944093e+00
   1.1654256e+00
   3.3595899e-01
   6.3413583e-03
   1.7670452e-01
   8.4698034e-01
   2.0169007e+00
   3.6859977e+00
   5.8536036e+00
   8.5188516e+00
   1.1680675e+01
   1.5337810e+01
   1.9488794e+01
   2.4131965e+01
   2.9265468e+01
   3.4887248e+01
   4.0995057e+01
   4.7586451e+01
   5.4658795e+01
   6.2209260e+01
   7.0234825e+01
   7.8732281e+01
   8.7698227e+01
   9.7129080e+01
   1.0702106e+02
   1.1737023e+02
   1.2817242e+02
   1.3942334e+02
   1.5111847e+02
   1.6325314e+02
   1.7582249e+02
   1.8882150e+02
   2.0224496e+02
   2.1608752e+02
   2.3034362e+02
   2.4500758e+02
   2.6007352e+02
   2.7553541e+02
   2.9138708e+02
   3.0762218e+02
   3.2423422e+02
   3.4121655e+02
   3.5856239e+02
   3.7626479e+02
   3.9431667e+02
   4.1271081e+02
   4.3143986e+02
   4.5049632e+02
   4.6987257e+02
   4.8956086e+02
   5.0955331e+02
   5.2984194e+02
   5.5041862e+02
   5.7127512e+02
   5.9240310e+02
   6.1379412e+02
   6.3543960e+02
   6.5733091e+02
   6.7945927e+02
   7.0181584e+02
   7.2439168e+02
   7.4717775e+02
   7.7016495e+02
   7.9334407e+02
   8.1670585e+02
   8.4024094e+02
   8.6393993e+02
   8.8779334e+02
   9.1179163e+02
   9.3592520e+02
   9.6018439e+02
   9.8455950e+02
   1.0090408e+03
   1.0336185e+03
   1.0582827e+03
   1.0830236e+03
   1.1078313e+03
   1.1326958e+03
   1.1576073e+03
   1.1825557e+03
   1.2075311e+03
   1.2325235e+03
   1.2575229e+03
   1.2825193e+03
   1.3075027e+03
   1.3324630e+03
   1.3573904e+03
   1.3822748e+03
   1.4071064e+03
   1.4318750e+03
   1.4565710e+03
   1.4811843e+03
   1.5057051e+03
   1.5301237e+03
   1.5544302e+03
   1.5786149e+03
   1.6026682e+03
   1.6265805e+03
   1.6503421e+03
   1.6739436e+03
   1.6973755e+03
   1.7206285e+03
   1.7436932e+03
   1.7665604e+03
   1.7892211e+03
   1.8116660e+03
   1.8338863e+03
   1.8558730e+03
   1.8776175e+03
   1.8991108e+03
   1.9203445e+03
   1.9413101e+03
   1.9619992e+03
   1.9824035e+03
   2.0025149e+03
   2.0223252e+03
   2.0418267e+03
   2.0610114e+03
   2.0798717e+03
   2.0984001e+03
   2.1165891e+03
   2.1344315e+03
   2.1519201e+03
   2.1690480e+03
   2.1858083e+03
   2.2021943e+03
   2.2181994e+03
   2.2338172e+03
   2.2490415e+03
   2.2638663e+03
   2.2782855e+03
   2.2922933e+03
   2.3058843e+03
   2.3190530e+03
   2.3317940e+03
   2.3441023e+03
   2.3559731e+03
   2.3674014e+03
   2.3783828e+03
   2.3889128e+03
   2.3989873e+03
   2.4086022e+03
   2.4177537e+03
   2.4264382e+03
   2.4346520e+03
   2.4423920e+03
   2.4496551e+03
   2.4564383e+03
   2.4627389e+03
   2.4685545e+03
   2.4738827e+03
   2.4787213e+03
   2.4830685e+03
   2.4869225e+03
   2.4902817e+03
   2.4931448e+03
   2.4955106e+03
   2.4973783e+03
   2.4987470e+03
   2.4996163e+03
   2.4999857e+03
   2.4998552e+03
   2.4992247e+03
   2.4980946e+03
   2.4964652e+03
   2.4943373e+03
   2.4917116e+03
   2.4885893e+03
   2.4849715e+03
   2.4808598e+03
   2.4762558e+03
   2.4711612e+03
   2.4655783e+03
   2.4595091e+03
   2.4529561e+03
   2.4459220e+03
   2.4384095e+03
   2.4304216e+03
   2.4219616e+03
   2.4130328e+03
   2.4036389e+03
   2.3937835e+03
   2.3834706e+03
   2.3727043e+03
   2.3614889e+03
   2.3498290e+03
   2.3377292e+03
   2.3251943e+03
   2.3122293e+03
   2.2988394e+03
   2.2850300e+03
   2.2708066e+03
   2.2561750e+03
   2.2411408e+03
   2.2257102e+03
   2.2098894e+03
   2.1936846e+03
   2.1771023e+03
   2.1601492e+03
   2.1428321e+03
   2.1251578e+03
   2.1071335e+03
   2.0887663e+03
   2.0700637e+03
   2.0510330e+03
   2.0316820e+03
   2.0120182e+03
   1.9920497e+03
   1.9717844e+03
   1.9512303e+03
   1.9303958e+03
   1.9092891e+03
   1.8879187e+03
   1.8662932e+03
   1.8444212e+03
   1.8223114e+03
   1.7999726e+03
   1.7774139e+03
   1.7546443e+03
   1.7316727e+03
   1.7085086e+03
   1.6851610e+03
   1.6616393e+03
   1.6379531e+03
   1.6141116e+03
   1.5901245e+03
   1.5660014e+03
   1.5417518e+03
   1.5173856e+03
   1.4929124e+03
   1.4683420e+03
   1.4436843e+03
   1.4189492e+03
   1.3941465e+03
   1.3692861e+03
   1.3443780e+03
   1.3194321e+03
   1.2944585e+03
   1.2694671e+03
   1.2444679e+03
   1.2194709e+03
   1.1944861e+03
   1.1695236e+03
   1.1445932e+03
   1.1197050e+03
   1.0948689e+03
   1.0700948e+03
   1.0453927e+03
   1.0207725e+03
   9.9624392e+02
   9.7181686e+02
   9.4750107e+02
   9.2330627e+02
   8.9924215e+02
   8.7531832e+02
   8.5154436e+02
   8.2792978e+02
   8.0448403e+02
   7.8121647e+02
   7.5813642e+02
   7.3525311e+02
   7.1257569e+02
   6.9011323e+02
   6.6787472e+02
   6.4586905e+02
   6.2410503e+02
   6.0259135e+02
   5.8133664e+02
   5.6034937e+02
   5.3963796e+02
   5.1921069e+02
   4.9907572e+02
   4.7924111e+02
   4.5971479e+02
   4.4050458e+02
   4.2161815e+02
   4.0306307e+02
   3.8484675e+02
   3.6697647e+02
   3.4945940e+02
   3.3230253e+02
   3.1551273e+02
   2.9909671e+02
   2.8306104e+02
   2.6741213e+02
   2.5215624e+02
   2.3729948e+02
   2.2284779e+02
   2.0880694e+02
   1.9518255e+02
   1.8198008e+02
   1.6920480e+02
   1.5686183e+02
   1.4495609e+02
   1.3349236e+02
   1.2247522e+02
   1.1190907e+02
   1.0179814e+02
   9.2146481e+01
   8.2957945e+01
   7.4236211e+01
   6.5984766e+01
   5.8206912e+01
   5.0905759e+01
   4.4084228e+01
   3.7745047e+01
   3.1890752e+01
   2.6523684e+01
   2.1645990e+01
   1.7259622e+01
   1.3366334e+01
   9.9676821e+00
   7.0650269e+00
   4.6595292e+00
   2.7521510e+00
   1.3436554e+00
   4.3460563e-01
   2.5365369e-02
   0.0000000e+00
   2.4999167e-01
   9.9986667e-01
   2.2493251e+00
   3.9978671e+00
   6.2447934e+00
   8.9892052e+00
   1.2230005e+01
   1.5965896e+01
   2.0195384e+01
   2.4916778e+01
   3.0128188e+01
   3.5827531e+01
   4.2012527e+01
   4.8680702e+01
   5.5829389e+01
   6.3455727e+01
   7.1556668e+01
   8.0128970e+01
   8.9169206e+01
   9.8673757e+01
   1.0863882e+02
   1.1906042e+02
   1.2993438e+02
   1.4125635e+02
   1.5302180e+02
   1.6522603e+02
   1.7786415e+02
   1.9093111e+02
   2.0442169e+02
   2.1833048e+02
   2.3265193e+02
   2.4738030e+02
   2.6250971e+02
   2.7803410e+02
   2.9394727e+02
   3.1024284e+02
   3.2691430e+02
   3.4395499e+02
   3.6135808e+02
   3.7911661e+02
   3.9722349e+02
   4.1567147e+02
   4.3445316e+02
   4.5356107e+02
   4.7298754e+02
   4.9272480e+02
   5.1276497e+02
   5.3310002e+02
   5.5372182e+02
   5.7462212e+02
   5.9579256e+02
   6.1722468e+02
   6.3890990e+02
   6.6083954e+02
   6.8300485e+02
   7.0539694e+02
   7.2800687e+02
   7.5082559e+02
   7.7384397e+02
   7.9705281e+02
   8.2044282e+02
   8.4400464e+02
   8.6772886e+02
   8.9160599e+02
   9.1562646e+02
   9.3978069e+02
   9.6405899e+02
   9.8845167e+02
   1.0129490e+03
   1.0375411e+03
   1.0622182e+03
   1.0869704e+03
   1.1117878e+03
   1.1366605e+03
   1.1615785e+03
   1.1865319e+03
   1.2115107e+03
   1.2365049e+03
   1.2615044e+03
   1.2864994e+03
   1.3114798e+03
   1.3364356e+03
   1.3613568e+03
   1.3862334e+03
   1.4110556e+03
   1.4358134e+03
   1.4604968e+03
   1.4850960e+03
   1.5096013e+03
   1.5340026e+03
   1.5582904e+03
   1.5824548e+03
   1.6064863e+03
   1.6303752e+03
   1.6541120e+03
   1.6776871e+03
   1.7010911e+03
   1.7243147e+03
   1.7473486e+03
   1.7701835e+03
   1.7928104e+03
   1.8152202e+03
   1.8374039e+03
   1.8593526e+03
   1.8810576e+03
   1.9025102e+03
   1.9237018e+03
   1.9446239e+03
   1.9652682e+03
   1.9856264e+03
   2.0056903e+03
   2.0254520e+03
   2.0449035e+03
   2.0640371e+03
   2.0828450e+03
   2.1013199e+03
   2.1194542e+03
   2.1372407e+03
   2.1546723e+03
   2.1717421e+03
   2.1884433e+03
   2.2047690e+03
   2.2207129e+03
   2.2362684e+03
   2.2514295e+03
   2.2661900e+03
   2.2805441e+03
   2.2944860e+03
   2.3080101e+03
   2.3211109e+03
   2.3337834e+03
   2.3460224e+03
   2.3578229e+03
   2.3691804e+03
   2.3800902e+03
   2.3905480e+03
   2.4005495e+03
   2.4100909e+03
   2.4191682e+03
   2.4277779e+03
   2.4359165e+03
   2.4435808e+03
   2.4507676e+03
   2.4574741e+03
   2.4636977e+03
   2.4694358e+03
   2.4746862e+03
   2.4794466e+03
   2.4837154e+03
   2.4874906e+03
   2.4907709e+03
   2.4935549e+03
   2.4958415e+03
   2.4976297e+03
   2.4989189e+03
   2.4997086e+03
   2.4999984e+03
   2.4997882e+03
   2.4990782e+03
   2.4978685e+03
   2.4961596e+03
   2.4939524e+03
   2.4912475e+03
   2.4880462e+03
   2.4843497e+03
   2.4801595e+03
   2.4754772e+03
   2.4703047e+03
   2.4646442e+03
   2.4584977e+03
   2.4518679e+03
   2.4447574e+03
   2.4371690e+03
   2.4291057e+03
   2.4205709e+03
   2.4115678e+03
   2.4021000e+03
   2.3921715e+03
   2.3817861e+03
   2.3709480e+03
   2.3596616e+03
   2.3479313e+03
   2.3357618e+03
   2.3231580e+03
   2.3101250e+03
   2.2966680e+03
   2.2827923e+03
   2.2685035e+03
   2.2538073e+03
   2.2387096e+03
   2.2232165e+03
   2.2073340e+03
   2.1910687e+03
   2.1744269e+03
   2.1574154e+03
   2.1400409e+03
   2.1223104e+03
   2.1042310e+03
   2.0858099e+03
   2.0670545e+03
   2.0479723e+03
   2.0285709e+03
   2.0088581e+03
   1.9888418e+03
   1.9685299e+03
   1.9479307e+03
   1.9270522e+03
   1.9059030e+03
   1.8844914e+03
   1.8628260e+03
   1.8409155e+03
   1.8187687e+03
   1.7963943e+03
   1.7738014e+03
   1.7509990e+03
   1.7279961e+03
   1.7048021e+03
   1.6814262e+03
   1.6578777e+03
   1.6341661e+03
   1.6103008e+03
   1.5862914e+03
   1.5621475e+03
   1.5378787e+03
   1.5134947e+03
   1.4890054e+03
   1.4644205e+03
   1.4397498e+03
   1.4150032e+03
   1.3901907e+03
   1.3653220e+03
   1.3404072e+03
   1.3154563e+03
   1.2904791e+03
   1.2654858e+03
   1.2404863e+03
   1.2154906e+03
   1.1905087e+03
   1.1655506e+03
   1.1406263e+03
   1.1157457e+03
   1.0909188e+03
   1.0661556e+03
   1.0414658e+03
   1.0168595e+03
   9.9234649e+02
   9.6793649e+02
   9.4363932e+02
   9.1946469e+02
   8.9542227e+02
   8.7152167e+02
   8.4777246e+02
   8.2418414e+02
   8.0076614e+02
   7.7752782e+02
   7.5447849e+02
   7.3162736e+02
   7.0898357e+02
   6.8655618e+02
   6.6435416e+02
   6.4238639e+02
   6.2066166e+02
   5.9918866e+02
   5.7797597e+02
   5.5703208e+02
   5.3636537e+02
   5.1598410e+02
   4.9589644e+02
   4.7611040e+02
   4.5663391e+02
   4.3747475e+02
   4.1864059e+02
   4.0013897e+02
   3.8197728e+02
   3.6416278e+02
   3.4670261e+02
   3.2960375e+02
   3.1287303e+02
   2.9651715e+02
   2.8054265e+02
   2.6495592e+02
   2.4976320e+02
   2.3497056e+02
   2.2058391e+02
   2.0660902e+02
   1.9305147e+02
   1.7991669e+02
   1.6720992e+02
   1.5493626e+02
   1.4310060e+02
   1.3170770e+02
   1.2076209e+02
   1.1026816e+02
   1.0023012e+02
   9.0651962e+01
   8.1537530e+01
   7.2890468e+01
   6.4714234e+01
   5.7012098e+01
   4.9787142e+01
   4.3042254e+01
   3.6780134e+01
   3.1003286e+01
   2.5714020e+01
   2.0914452e+01
   1.6606502e+01
   1.2791893e+01
   9.4721503e+00
   6.6486025e+00
   4.3223787e+00
   2.4944093e+00
   1.1654256e+00
   3.3595899e-01
   6.3413583e-03
   1.7670452e-01
   8.4698034e-01
   2.0169007e+00
   3.6859977e+00
   5.8536036e+00
   8.5188516e+00
   1.1680675e+01
   1.5337810e+01
   1.9488794e+01
   2.4131965e+01
   2.9265468e+01
   3.4887248e+01
   4.0995057e+01
   4.7586451e+01
   5.4658795e+01
   6.2209260e+01
   7.0234825e+01
   7.8732281e+01
   8.7698227e+01
   9.7129080e+01
   1.0702106e+02
   1.1737023e+02
   1.2817242e+02
   1.3942334e+02
   1.5111847e+02
   1.6325314e+02
   1.7582249e+02
   1.8882150e+02
   2.0224496e+02
   2.1608752e+02
   2.3034362e+02
   2.4500758e+02
   2.6007352e+02
   2.7553541e+02
   2.9138708e+02
   3.0762218e+02
   3.2423422e+02
   3.4121655e+02
   3.5856239e+02
   3.7626479e+02
   3.9431667e+02
   4.1271081e+02
   4.3143986e+02
   4.5049632e+02
   4.6987257e+02
   4.8956086e+02
   5.0955331e+02
   5.2984194e+02
   5.5041862e+02
   5.7127512e+02
   5.9240310e+02
   6.1379412e+02
   6.3543960e+02
   6.5733091e+02
   6.7945927e+02
   7.0181584e+02
   7.2439168e+02
   7.4717775e+02
   7.7016495e+02
   7.9334407e+02
   8.1670585e+02
   8.4024094e+02
   8.6393993e+02
   8.8779334e+02
   9.1179163e+02
   9.3592520e+02
   9.6018439e+02
   9.8455950e+02
   1.0090408e+03
   1.0336185e+03
   1.0582827e+03
   1.0830236e+03
   1.1078313e+03
   1.1326958e+03
   1.1576073e+03
   1.1825557e+03
   1.2075311e+03
   1.2325235e+03
   1.2575229e+03
   1.2825193e+03
   1.3075027e+03
   1.3324630e+03
   1.3573904e+03
   1.3822748e+03
   1.4071064e+03
   1.4318750e+03
   1.4565710e+03
   1.4811843e+03
   1.5057051e+03
   1.5301237e+03
   1.5544302e+03
   1.5786149e+03
   1.6026682e+03
   1.6265805e+03
   1.6503421e+03
   1.6739436e+03
   1.6973755e+03
   1.7206285e+03
   1.7436932e+03
   1.7665604e+03
   1.7892211e+03
   1.8116660e+03
   1.8338863e+03
   1.8558730e+03
   1.8776175e+03
   1.8991108e+03
   1.9203445e+03
   1.9413101e+03
   1.9619992e+03
   1.9824035e+03
   2.0025149e+03
   2.0223252e+03
   2.0418267e+03
   2.0610114e+03
   2.0798717e+03
   2.0984001e+03
   2.1165891e+03
   2.1344315e+03
   2.1519201e+03
   2.1690480e+03
   2.1858083e+03
   2.2021943e+03
   2.2181994e+03
   2.2338172e+03
   2.2490415e+03
   2.2638663e+03
   2.2782855e+03
   2.2922933e+03
   2.3058843e+03
   2.3190530e+03
   2.3317940e+03
   2.3441023e+03
   2.3559731e+03
   2.3674014e+03
   2.3783828e+03
   2.3889128e+03
   2.3989873e+03
   2.4086022e+03
   2.4177537e+03
   2.4264382e+03
   2.4346520e+03
   2.4423920e+03
   2.4496551e+03
   2.4564383e+03
   2.4627389e+03
   2.4685545e+03
   2.4738827e+03
   2.4787213e+03
   2.4830685e+03
   2.4869225e+03
   2.4902817e+03
   2.4931448e+03
   2.4955106e+03
   2.4973783e+03
   2.4987470e+03
   2.4996163e+03
   2.4999857e+03
   2.4998552e+03
   2.4992247e+03
   2.4980946e+03
   2.4964652e+03
   2.4943373e+03
   2.4917116e+03
   2.4885893e+03
   2.4849715e+03
   2.4808598e+03
   2.4762558e+03
   2.4711612e+03
   2.4655783e+03
   2.4595091e+03
   2.4529561e+03
   2.4459220e+03
   2.4384095e+03
   2.4304216e+03
   2.4219616e+03
   2.4130328e+03
   2.4036389e+03
   2.3937835e+03
   2.3834706e+03
   2.3727043e+03
   2.3614889e+03
   2.3498290e+03
   2.3377292e+03
   2.3251943e+03
   2.3122293e+03
   2.2988394e+03
   2.2850300e+03
   2.2708066e+03
   2.2561750e+03
   2.2411408e+03
   2.2257102e+03
   2.2098894e+03
   2.1936846e+03
   2.1771023e+03
   2.1601492e+03
   2.1428321e+03
   2.1251578e+03
   2.1071335e+03
   2.0887663e+03
   2.0700637e+03
   2.0510330e+03
   2.0316820e+03
   2.0120182e+03
   1.9920497e+03
   1.9717844e+03
   1.9512303e+03
   1.9303958e+03
   1.9092891e+03
   1.8879187e+03
   1.8662932e+03
   1.8444212e+03
   1.8223114e+03
   1.7999726e+03
   1.7774139e+03
   1.7546443e+03
   1.7316727e+03
   1.7085086e+03
   1.6851610e+03
   1.6616393e+03
   1.6379531e+03
   1.6141116e+03
   1.5901245e+03
   1.5660014e+03
   1.5417518e+03
   1.5173856e+03
   1.4929124e+03
   1.4683420e+03
   1.4436843e+03
   1.4189492e+03
   1.3941465e+03
   1.3692861e+03
   1.3443780e+03
   1.3194321e+03
   1.2944585e+03
   1.2694671e+03
   1.2444679e+03
   1.2194709e+03
   1.1944861e+03
   1.1695236e+03
   1.1445932e+03
   1.1197050e+03
   1.0948689e+03
   1.0700948e+03
   1.0453927e+03
   1.0207725e+03
   9.9624392e+02
   9.7181686e+02
   9.4750107e+02
   9.2330627e+02
   8.9924215e+02
   8.7531832e+02
   8.5154436e+02
   8.2792978e+02
   8.0448403e+02
   7.8121647e+02
   7.5813642e+02
   7.3525311e+02
   7.1257569e+02
   6.9011323e+02
   6.6787472e+02
   6.4586905e+02
   6.2410503e+02
   6.0259135e+02
   5.8133664e+02
   5.6034937e+02
   5.3963796e+02
   5.1921069e+02
   4.9907572e+02
   4.7924111e+02
   4.5971479e+02
   4.4050458e+02
   4.2161815e+02
   4.0306307e+02
   3.8484675e+02
   3.6697647e+02
   3.4945940e+02
   3.3230253e+02
   3.1551273e+02
   2.9909671e+02
   2.8306104e+02
   2.6741213e+02
   2.5215624e+02
   2.3729948e+02
   2.2284779e+02
   2.0880694e+02
   1.9518255e+02
   1.8198008e+02
   1.6920480e+02
   1.5686183e+02
   1.4495609e+02
   1.3349236e+02
   1.2247522e+02
   1.1190907e+02
   1.0179814e+02
   9.2146481e+01
   8.2957945e+01
   7.4236211e+01
   6.5984766e+01
   5.8206912e+01
   5.0905759e+01
   4.4084228e+01
   3.7745047e+01
   3.1890752e+01
   2.6523684e+01
   2.1645990e+01
   1.7259622e+01
   1.3366334e+01
   9.9676821e+00
   7.0650269e+00
   4.6595292e+00
   2.7521510e+00
   1.3436554e+00
   4.3460563e-01
   2.5365369e-02
   0.0000000e+00
   2.4999167e-01
   9.9986667e-01
   2.2493251e+00
   3.9978671e+00
   6.2447934e+00
   8.9892052e+00
   1.2230005e+01
   1.5965896e+01
   2.0195384e+01
   2.4916778e+01
   3.0128188e+01
   3.5827531e+01
   4.2012527e+01
   4.8680702e+01
   5.5829389e+01
   6.3455727e+01
   7.1556668e+01
   8.0128970e+01
   8.9169206e+01
   9.8673757e+01
   1.0863882e+02
   1.1906042e+02
   1.2993438e+02
   1.4125635e+02
   1.5302180e+02
   1.6522603e+02
   1.7786415e+02
   1.9093111e+02
   2.0442169e+02
   2.1833048e+02
   2.3265193e+02
   2.4738030e+02
   2.6250971e+02
   2.7803410e+02
   2.9394727e+02
   3.1024284e+02
   3.2691430e+02
   3.4395499e+02
   3.6135808e+02
   3.7911661e+02
   3.9722349e+02
   4.1567147e+02
   4.3445316e+02
   4.5356107e+02
   4.7298754e+02
   4.9272480e+02
   5.1276497e+02
   5.3310002e+02
   5.5372182e+02
   5.7462212e+02
   5.9579256e+02
   6.1722468e+02
   6.3890990e+02
   6.6083954e+02
   6.8300485e+02
   7.0539694e+02
   7.2800687e+02
   7.5082559e+02
   7.7384397e+02
   7.9705281e+02
   8.2044282e+02
   8.4400464e+02
   8.6772886e+02
   8.9160599e+02
   9.1562646e+02
   9.3978069e+02
   9.6405899e+02
   9.8845167e+02
   1.0129490e+03
   1.0375411e+03
   1.0622182e+03
   1.0869704e+03
   1.1117878e+03
   1.1366605e+03
   1.1615785e+03
   1.1865319e+03
   1.2115107e+03
   1.2365049e+03
   1.2615044e+03
   1.2864994e+03
   1.3114798e+03
   1.3364356e+03
   1.3613568e+03
   1.3862334e+03
   1.4110556e+03
   1.4358134e+03
   1.4604968e+03
   1.4850960e+03
   1.5096013e+03
   1.5340026e+03
   1.5582904e+03
   1.5824548e+03
   1.6064863e+03
   1.6303752e+03
   1.6541120e+03
   1.6776871e+03
   1.7010911e+03
   1.7243147e+03
   1.7473486e+03
   1.7701835e+03
   1.7928104e+03
   1.8152202e+03
   1.8374039e+03
   1.8593526e+03
   1.8810576e+03
   1.9025102e+03
   1.9237018e+03
   1.9446239e+03
   1.9652682e+03
   1.9856264e+03
   2.0056903e+03
   2.0254520e+03
   2.0449035e+03
   2.0640371e+03
   2.0828450e+03
   2.1013199e+03
   2.1194542e+03
   2.1372407e+03
   2.1546723e+03
   2.1717421e+03
   2.1884433e+03
   2.2047690e+03
   2.2207129e+03
   2.2362684e+03
   2.2514295e+03
   2.2661900e+03
   2.2805441e+03
   2.2944860e+03
   2.3080101e+03
   2.3211109e+03
   2.3337834e+03
   2.3460224e+03
   2.3578229e+03
   2.3691804e+03
   2.3800902e+03
   2.3905480e+03
   2.4005495e+03
   2.4100909e+03
   2.4191682e+03
   2.4277779e+03
   2.4359165e+03
   2.4435808e+03
   2.4507676e+03
   2.4574741e+03
   2.4636977e+03
   2.4694358e+03
   2.4746862e+03
   2.4794466e+03
   2.4837154e+03
   2.4874906e+03
   2.4907709e+03
   2.4935549e+03
   2.4958415e+03
   2.4976297e+03
   2.4989189e+03
   2.4997086e+03
   2.4999984e+03
   2.4997882e+03
   2.4990782e+03
   2.4978685e+03
   2.4961596e+03
   2.4939524e+03
   2.4912475e+03
   2.4880462e+03
   2.4843497e+03
   2.4801595e+03
   2.4754772e+03
   2.4703047e+03
   2.4646442e+03
   2.4584977e+03
   2.4518679e+03
   2.4447574e+03
   2.4371690e+03
   2.4291057e+03
   2.4205709e+03
   2.4115678e+03
   2.4021000e+03
   2.3921715e+03
   2.3817861e+03
   2.3709480e+03
   2.3596616e+03
   2.3479313e+03
   2.3357618e+03
   2.3231580e+03
   2.3101250e+03
   2.2966680e+03
   2.2827923e+03
   2.2685035e+03
   2.2538073e+03
   2.2387096e+03
   2.2232165e+03
   2.2073340e+03
   2.1910687e+03
   2.1744269e+03
   2.1574154e+03
   2.1400409e+03
   2.1223104e+03
   2.1042310e+03
   2.0858099e+03
   2.0670545e+03
   2.0479723e+03
   2.0285709e+03
   2.0088581e+03
   1.9888418e+03
   1.9685299e+03
   1.9479307e+03
   1.9270522e+03
   1.9059030e+03
   1.8844914e+03
   1.8628260e+03
   1.8409155e+03
   1.8187687e+03
   1.7963943e+03
   1.7738014e+03
   1.7509990e+03
   1.7279961e+03
   1.7048021e+03
   1.6814262e+03
   1.6578777e+03
   1.6341661e+03
   1.6103008e+03
   1.5862914e+03
   1.5621475e+03
   1.5378787e+03
   1.5134947e+03
   1.4890054e+03
   1.4644205e+03
   1.4397498e+03
   1.4150032e+03
   1.3901907e+03
   1.3653220e+03
   1.3404072e+03
   1.3154563e+03
   1.2904791e+03
   1.2654858e+03
   1.2404863e+03
   1.2154906e+03
   1.1905087e+03
   1.1655506e+03
   1.1406263e+03
   1.1157457e+03
   1.0909188e+03
   1.0661556e+03
   1.0414658e+03
   1.0168595e+03
   9.9234649e+02
   9.6793649e+02
   9.4363932e+02
   9.1946469e+02
   8.9542227e+02
   8.7152167e+02
   8.4777246e+02
   8.2418414e+02
   8.0076614e+02
   7.7752782e+02
   7.5447849e+02
   7.3162736e+02
   7.0898357e+02
   6.8655618e+02
   6.6435416e+02
   6.4238639e+02
   6.2066166e+02
   5.9918866e+02
   5.7797597e+02
   5.5703208e+02
   5.3636537e+02
   5.1598410e+02
   4.9589644e+02
   4.7611040e+02
   4.5663391e+02
   4.3747475e+02
   4.1864059e+02
   4.0013897e+02
   3.8197728e+02
   3.6416278e+02
   3.4670261e+02
   3.2960375e+02
   3.1287303e+02
   2.9651715e+02
   2.8054265e+02
   2.6495592e+02
   2.4976320e+02
   2.3497056e+02
   2.2058391e+02
   2.0660902e+02
   1.9305147e+02
   1.7991669e+02
   1.6720992e+02
   1.5493626e+02
   1.4310060e+02
   1.3170770e+02
   1.2076209e+02
   1.1026816e+02
   1.0023012e+02
   9.0651962e+01
   8.1537530e+01
   7.2890468e+01
   6.4714234e+01
   5.7012098e+01
   4.9787142e+01
   4.3042254e+01
   3.6780134e+01
   3.1003286e+01
   2.5714020e+01
   2.0914452e+01
   1.6606502e+01
   1.2791893e+01
   9.4721503e+00
   6.6486025e+00
   4.3223787e+00
   2.4944093e+00
   1.1654256e+00
   3.3595899e-01
   6.3413583e-03
   1.7670452e-01
   8.4698034e-01
   2.0169007e+00
   3.6859977e+00
   5.8536036e+00
   8.5188516e+00
   1.1680675e+01
   1.5337810e+01
   1.9488794e+01
   2.4131965e+01
   2.9265468e+01
   3.4887248e+01
   4.0995057e+01
   4.7586451e+01
   5.4658795e+01
   6.2209260e+01
   7.0234825e+01
   7.8732281e+01
   8.7698227e+01
   9.7129080e+01
   1.0702106e+02
   1.1737023e+02
   1.2817242e+02
   1.3942334e+02
   1.5111847e+02
   1.6325314e+02
   1.7582249e+02
   1.8882150e+02
   2.0224496e+02
   2.1608752e+02
   2.3034362e+02
   2.4500758e+02
   2.6007352e+02
   2.7553541e+02
   2.9138708e+02
   3.0762218e+02
   3.2423422e+02
   3.4121655e+02
   3.5856239e+02
   3.7626479e+02
   3.9431667e+02
   4.1271081e+02
   4.3143986e+02
   4.5049632e+02
   4.6987257e+02
   4.8956086e+02
   5.0955331e+02
   5.2984194e+02
   5.5041862e+02
   5.7127512e+02
   5.9240310e+02
   6.1379412e+02
   6.3543960e+02
   6.5733091e+02
   6.7945927e+02
   7.0181584e+02
   7.2439168e+02
   7.4717775e+02
   7.7016495e+02
   7.9334407e+02
   8.1670585e+02
   8.4024094e+02
   8.6393993e+02
   8.8779334e+02
   9.1179163e+02
   9.3592520e+02
   9.6018439e+02
   9.8455950e+02
   1.0090408e+03
   1.0336185e+03
   1.0582827e+03
   1.0830236e+03
   1.1078313e+03
   1.1326958e+03
   1.1576073e+03
   1.1825557e+03
   1.2075311e+03
   1.2325235e+03
   1.2575229e+03
   1.2825193e+03
   1.3075027e+03
   1.3324630e+03
   1.3573904e+03
   1.3822748e+03
   1.4071064e+03
   1.4318750e+03
   1.4565710e+03
   1.4811843e+03
   1.5057051e+03
   1.5301237e+03
   1.5544302e+03
   1.5786149e+03
   1.6026682e+03
   1.6265805e+03
   1.6503421e+03
   1.6739436e+03
   1.6973755e+03
   1.7206285e+03
   1.7436932e+03
   1.7665604e+03
   1.7892211e+03
   1.8116660e+03
   1.8338863e+03
   1.8558730e+03
   1.8776175e+03
   1.8991108e+03
   1.9203445e+03
   1.9413101e+03
   1.9619992e+03
   1.9824035e+03
   2.0025149e+03
   2.0223252e+03
   2.0418267e+03
   2.0610114e+03
   2.0798717e+03
   2.0984001e+03
   2.1165891e+03
   2.1344315e+03
   2.1519201e+03
   2.1690480e+03
   2.1858083e+03
   2.2021943e+03
   2.2181994e+03
   2.2338172e+03
   2.2490415e+03
   2.2638663e+03
   2.2782855e+03
   2.2922933e+03
   2.3058843e+03
   2.3190530e+03
   2.3317940e+03
   2.3441023e+03
   2.3559731e+03
   2.3674014e+03
   2.3783828e+03
   2.3889128e+03
   2.3989873e+03
   2.4086022e+03
   2.4177537e+03
   2.4264382e+03
   2.4346520e+03
   2.4423920e+03
   2.4496551e+03
   2.4564383e+03
   2.4627389e+03
   2.4685545e+03
   2.4738827e+03
   2.4787213e+03
   2.4830685e+03
   2.4869225e+03
   2.4902817e+03
   2.4931448e+03
   2.4955106e+03
   2.4973783e+03
   2.4987470e+03
   2.4996163e+03
   2.4999857e+03
   2.4998552e+03
   2.4992247e+03
   2.4980946e+03
   2.4964652e+03
   2.4943373e+03
   2.4917116e+03
   2.4885893e+03
   2.4849715e+03
   2.4808598e+03
   2.4762558e+03
   2.4711612e+03
   2.4655783e+03
   2.4595091e+03
   2.4529561e+03
   2.4459220e+03
   2.4384095e+03
   2.4304216e+03
   2.4219616e+03
   2.4130328e+03
   2.4036389e+03
   2.3937835e+03
   2.3834706e+03
   2.3727043e+03
   2.3614889e+03
   2.3498290e+03
   2.3377292e+03
   2.3251943e+03
   2.3122293e+03
   2.2988394e+03
   2.2850300e+03
   2.2708066e+03
   2.2561750e+03
   2.2411408e+03
   2.2257102e+03
   2.2098894e+03
   2.1936846e+03
   2.1771023e+03
   2.1601492e+03
   2.1428321e+03
   2.1251578e+03
   2.1071335e+03
   2.0887663e+03
   2.0700637e+03
   2.0510330e+03
   2.0316820e+03
   2.0120182e+03
   1.9920497e+03
   1.9717844e+03
   1.9512303e+03
   1.9303958e+03
   1.9092891e+03
   1.8879187e+03
   1.8662932e+03
   1.8444212e+03
   1.8223114e+03
   1.7999726e+03
   1.7774139e+03
   1.7546443e+03
   1.7316727e+03
   1.7085086e+03
   1.6851610e+03
   1.6616393e+03
   1.6379531e+03
   1.6141116e+03
   1.5901245e+03
   1.5660014e+03
   1.5417518e+03
   1.5173856e+03
   1.4929124e+03
   1.4683420e+03
   1.4436843e+03
   1.4189492e+03
   1.3941465e+03
   1.3692861e+03
   1.3443780e+03
   1.3194321e+03
   1.2944585e+03
   1.2694671e+03
   1.2444679e+03
   1.2194709e+03
   1.1944861e+03
   1.1695236e+03
   1.1445932e+03
   1.1197050e+03
   1.0948689e+03
   1.0700948e+03
   1.0453927e+03
   1.0207725e+03
   9.9624392e+02
   9.7181686e+02
   9.4750107e+02
   9.2330627e+02
   8.9924215e+02
   8.7531832e+02
   8.5154436e+02
   8.2792978e+02
   8.0448403e+02
   7.8121647e+02
   7.5813642e+02
   7.3525311e+02
   7.1257569e+02
   6.9011323e+02
   6.6787472e+02
   6.4586905e+02
   6.2410503e+02
   6.0259135e+02
   5.8133664e+02
   5.6034937e+02
   5.3963796e+02
   5.1921069e+02
   4.9907572e+02
   4.7924111e+02
   4.5971479e+02
   4.4050458e+02
   4.2161815e+02
   4.0306307e+02
   3.8484675e+02
   3.6697647e+02
   3.4945940e+02
   3.3230253e+02
   3.1551273e+02
   2.9909671e+02
   2.8306104e+02
   2.6741213e+02
   2.5215624e+02
   2.3729948e+02
   2.2284779e+02
   2.0880694e+02
   1.9518255e+02
   1.8198008e+02
   1.6920480e+02
   1.5686183e+02
   1.4495609e+02
   1.3349236e+02
   1.2247522e+02
   1.1190907e+02
   1.0179814e+02
   9.2146481e+01
   8.2957945e+01
   7.4236211e+01
   6.5984766e+01
   5.8206912e+01
   5.0905759e+01
   4.4084228e+01
   3.7745047e+01
   3.1890752e+01
   2.6523684e+01
   2.1645990e+01
   1.7259622e+01
   1.3366334e+01
   9.9676821e+00
   7.0650269e+00
   4.6595292e+00
   2.7521510e+00
   1.3436554e+00
   4.3460563e-01
   2.5365369e-02
