  0.0000000e+000
  6.2499479e-002
  2.4999167e-001
  5.6245781e-001
  9.9986667e-001
  1.5621745e+000
  2.2493251e+000
  3.0612497e+000
  3.9978671e+000
  5.0590837e+000
  6.2447934e+000
  7.5548776e+000
  8.9892052e+000
  1.0547633e+001
  1.2230005e+001
  1.4036153e+001
  1.5965896e+001
  1.8019041e+001
  2.0195384e+001
  2.2494706e+001
  2.4916778e+001
  2.7461357e+001
  3.0128188e+001
  3.2917006e+001
  3.5827531e+001
  3.8859473e+001
  4.2012527e+001
  4.5286380e+001
  4.8680702e+001
  5.2195156e+001
  5.5829389e+001
  5.9583038e+001
  6.3455727e+001
  6.7447071e+001
  7.1556668e+001
  7.5784109e+001
  8.0128970e+001
  8.4590818e+001
  8.9169206e+001
  9.3863675e+001
  9.8673757e+001
  1.0359897e+002
  1.0863882e+002
  1.1379281e+002
  1.1906042e+002
  1.2444112e+002
  1.2993438e+002
  1.3553964e+002
  1.4125635e+002
  1.4708393e+002
  1.5302180e+002
  1.5906937e+002
  1.6522603e+002
  1.7149116e+002
  1.7786415e+002
  1.8434435e+002
  1.9093111e+002
  1.9762378e+002
  2.0442169e+002
  2.1132415e+002
  2.1833048e+002
  2.2543998e+002
  2.3265193e+002
  2.3996561e+002
  2.4738030e+002
  2.5489525e+002
  2.6250971e+002
  2.7022292e+002
  2.7803410e+002
  2.8594248e+002
  2.9394727e+002
  3.0204766e+002
  3.1024284e+002
  3.1853200e+002
  3.2691430e+002
  3.3538891e+002
  3.4395499e+002
  3.5261166e+002
  3.6135808e+002
  3.7019336e+002
  3.7911661e+002
  3.8812696e+002
  3.9722349e+002
  4.0640530e+002
  4.1567147e+002
  4.2502107e+002
  4.3445316e+002
  4.4396682e+002
  4.5356107e+002
  4.6323497e+002
  4.7298754e+002
  4.8281781e+002
  4.9272480e+002
  5.0270752e+002
  5.1276497e+002
  5.2289614e+002
  5.3310002e+002
  5.4337559e+002
  5.5372182e+002
  5.6413767e+002
  5.7462212e+002
  5.8517410e+002
  5.9579256e+002
  6.0647644e+002
  6.1722468e+002
  6.2803619e+002
  6.3890990e+002
  6.4984471e+002
  6.6083954e+002
  6.7189329e+002
  6.8300485e+002
  6.9417310e+002
  7.0539694e+002
  7.1667524e+002
  7.2800687e+002
  7.3939070e+002
  7.5082559e+002
  7.6231039e+002
  7.7384397e+002
  7.8542516e+002
  7.9705281e+002
  8.0872575e+002
  8.2044282e+002
  8.3220284e+002
  8.4400464e+002
  8.5584705e+002
  8.6772886e+002
  8.7964891e+002
  8.9160599e+002
  9.0359891e+002
  9.1562646e+002
  9.2768746e+002
  9.3978069e+002
  9.5190493e+002
  9.6405899e+002
  9.7624164e+002
  9.8845167e+002
  1.0006878e+003
  1.0129490e+003
  1.0252338e+003
  1.0375411e+003
  1.0498696e+003
  1.0622182e+003
  1.0745855e+003
  1.0869704e+003
  1.0993715e+003
  1.1117878e+003
  1.1242178e+003
  1.1366605e+003
  1.1491144e+003
  1.1615785e+003
  1.1740514e+003
  1.1865319e+003
  1.1990187e+003
  1.2115107e+003
  1.2240065e+003
  1.2365049e+003
  1.2490046e+003
  1.2615044e+003
  1.2740031e+003
  1.2864994e+003
  1.2989920e+003
  1.3114798e+003
  1.3239614e+003
  1.3364356e+003
  1.3489011e+003
  1.3613568e+003
  1.3738013e+003
  1.3862334e+003
  1.3986520e+003
  1.4110556e+003
  1.4234432e+003
  1.4358134e+003
  1.4481650e+003
  1.4604968e+003
  1.4728076e+003
  1.4850960e+003
  1.4973610e+003
  1.5096013e+003
  1.5218155e+003
  1.5340026e+003
  1.5461613e+003
  1.5582904e+003
  1.5703886e+003
  1.5824548e+003
  1.5944878e+003
  1.6064863e+003
  1.6184492e+003
  1.6303752e+003
  1.6422632e+003
  1.6541120e+003
  1.6659203e+003
  1.6776871e+003
  1.6894111e+003
  1.7010911e+003
  1.7127260e+003
  1.7243147e+003
  1.7358559e+003
  1.7473486e+003
  1.7587915e+003
  1.7701835e+003
  1.7815236e+003
  1.7928104e+003
  1.8040430e+003
  1.8152202e+003
  1.8263409e+003
  1.8374039e+003
  1.8484082e+003
  1.8593526e+003
  1.8702361e+003
  1.8810576e+003
  1.8918160e+003
  1.9025102e+003
  1.9131392e+003
  1.9237018e+003
  1.9341971e+003
  1.9446239e+003
  1.9549813e+003
  1.9652682e+003
  1.9754836e+003
  1.9856264e+003
  1.9956957e+003
  2.0056903e+003
  2.0156095e+003
  2.0254520e+003
  2.0352170e+003
  2.0449035e+003
  2.0545105e+003
  2.0640371e+003
  2.0734822e+003
  2.0828450e+003
  2.0921245e+003
  2.1013199e+003
  2.1104300e+003
  2.1194542e+003
  2.1283913e+003
  2.1372407e+003
  2.1460013e+003
  2.1546723e+003
  2.1632529e+003
  2.1717421e+003
  2.1801392e+003
  2.1884433e+003
  2.1966535e+003
  2.2047690e+003
  2.2127891e+003
  2.2207129e+003
  2.2285396e+003
  2.2362684e+003
  2.2438987e+003
  2.2514295e+003
  2.2588602e+003
  2.2661900e+003
  2.2734182e+003
  2.2805441e+003
  2.2875669e+003
  2.2944860e+003
  2.3013006e+003
  2.3080101e+003
  2.3146137e+003
  2.3211109e+003
  2.3275010e+003
  2.3337834e+003
  2.3399574e+003
  2.3460224e+003
  2.3519777e+003
  2.3578229e+003
  2.3635573e+003
  2.3691804e+003
  2.3746915e+003
  2.3800902e+003
  2.3853758e+003
  2.3905480e+003
  2.3956060e+003
  2.4005495e+003
  2.4053780e+003
  2.4100909e+003
  2.4146878e+003
  2.4191682e+003
  2.4235318e+003
  2.4277779e+003
  2.4319063e+003
  2.4359165e+003
  2.4398081e+003
  2.4435808e+003
  2.4472340e+003
  2.4507676e+003
  2.4541811e+003
  2.4574741e+003
  2.4606465e+003
  2.4636977e+003
  2.4666276e+003
  2.4694358e+003
  2.4721221e+003
  2.4746862e+003
  2.4771278e+003
  2.4794466e+003
  2.4816426e+003
  2.4837154e+003
  2.4856648e+003
  2.4874906e+003
  2.4891927e+003
  2.4907709e+003
  2.4922250e+003
  2.4935549e+003
  2.4947604e+003
  2.4958415e+003
  2.4967979e+003
  2.4976297e+003
  2.4983367e+003
  2.4989189e+003
  2.4993762e+003
  2.4997086e+003
  2.4999160e+003
  2.4999984e+003
  2.4999558e+003
  2.4997882e+003
  2.4994957e+003
  2.4990782e+003
  2.4985357e+003
  2.4978685e+003
  2.4970764e+003
  2.4961596e+003
  2.4951183e+003
  2.4939524e+003
  2.4926621e+003
  2.4912475e+003
  2.4897089e+003
  2.4880462e+003
  2.4862598e+003
  2.4843497e+003
  2.4823162e+003
  2.4801595e+003
  2.4778797e+003
  2.4754772e+003
  2.4729521e+003
  2.4703047e+003
  2.4675353e+003
  2.4646442e+003
  2.4616315e+003
  2.4584977e+003
  2.4552431e+003
  2.4518679e+003
  2.4483726e+003
  2.4447574e+003
  2.4410228e+003
  2.4371690e+003
  2.4331965e+003
  2.4291057e+003
  2.4248970e+003
  2.4205709e+003
  2.4161276e+003
  2.4115678e+003
  2.4068917e+003
  2.4021000e+003
  2.3971931e+003
  2.3921715e+003
  2.3870357e+003
  2.3817861e+003
  2.3764234e+003
  2.3709480e+003
  2.3653606e+003
  2.3596616e+003
  2.3538516e+003
  2.3479313e+003
  2.3419011e+003
  2.3357618e+003
  2.3295139e+003
  2.3231580e+003
  2.3166949e+003
  2.3101250e+003
  2.3034492e+003
  2.2966680e+003
  2.2897821e+003
  2.2827923e+003
  2.2756992e+003
  2.2685035e+003
  2.2612060e+003
  2.2538073e+003
  2.2463083e+003
  2.2387096e+003
  2.2310121e+003
  2.2232165e+003
  2.2153235e+003
  2.2073340e+003
  2.1992488e+003
  2.1910687e+003
  2.1827944e+003
  2.1744269e+003
  2.1659669e+003
  2.1574154e+003
  2.1487731e+003
  2.1400409e+003
  2.1312197e+003
  2.1223104e+003
  2.1133139e+003
  2.1042310e+003
  2.0950627e+003
  2.0858099e+003
  2.0764735e+003
  2.0670545e+003
  2.0575538e+003
  2.0479723e+003
  2.0383110e+003
  2.0285709e+003
  2.0187530e+003
  2.0088581e+003
  1.9988874e+003
  1.9888418e+003
  1.9787223e+003
  1.9685299e+003
  1.9582657e+003
  1.9479307e+003
  1.9375258e+003
  1.9270522e+003
  1.9165109e+003
  1.9059030e+003
  1.8952295e+003
  1.8844914e+003
  1.8736899e+003
  1.8628260e+003
  1.8519009e+003
  1.8409155e+003
  1.8298711e+003
  1.8187687e+003
  1.8076094e+003
  1.7963943e+003
  1.7851246e+003
  1.7738014e+003
  1.7624258e+003
  1.7509990e+003
  1.7395220e+003
  1.7279961e+003
  1.7164225e+003
  1.7048021e+003
  1.6931363e+003
  1.6814262e+003
  1.6696730e+003
  1.6578777e+003
  1.6460417e+003
  1.6341661e+003
  1.6222521e+003
  1.6103008e+003
  1.5983135e+003
  1.5862914e+003
  1.5742356e+003
  1.5621475e+003
  1.5500281e+003
  1.5378787e+003
  1.5257005e+003
  1.5134947e+003
  1.5012627e+003
  1.4890054e+003
  1.4767243e+003
  1.4644205e+003
  1.4520953e+003
  1.4397498e+003
  1.4273854e+003
  1.4150032e+003
  1.4026046e+003
  1.3901907e+003
  1.3777627e+003
  1.3653220e+003
  1.3528698e+003
  1.3404072e+003
  1.3279356e+003
  1.3154563e+003
  1.3029704e+003
  1.2904791e+003
  1.2779839e+003
  1.2654858e+003
  1.2529862e+003
  1.2404863e+003
  1.2279874e+003
  1.2154906e+003
  1.2029973e+003
  1.1905087e+003
  1.1780261e+003
  1.1655506e+003
  1.1530836e+003
  1.1406263e+003
  1.1281799e+003
  1.1157457e+003
  1.1033249e+003
  1.0909188e+003
  1.0785286e+003
  1.0661556e+003
  1.0538009e+003
  1.0414658e+003
  1.0291516e+003
  1.0168595e+003
  1.0045907e+003
  9.9234649e+002
  9.8012800e+002
  9.6793649e+002
  9.5577320e+002
  9.4363932e+002
  9.3153608e+002
  9.1946469e+002
  9.0742635e+002
  8.9542227e+002
  8.8345364e+002
  8.7152167e+002
  8.5962755e+002
  8.4777246e+002
  8.3595760e+002
  8.2418414e+002
  8.1245326e+002
  8.0076614e+002
  7.8912394e+002
  7.7752782e+002
  7.6597895e+002
  7.5447849e+002
  7.4302758e+002
  7.3162736e+002
  7.2027898e+002
  7.0898357e+002
  6.9774226e+002
  6.8655618e+002
  6.7542644e+002
  6.6435416e+002
  6.5334044e+002
  6.4238639e+002
  6.3149310e+002
  6.2066166e+002
  6.0989315e+002
  5.9918866e+002
  5.8854924e+002
  5.7797597e+002
  5.6746990e+002
  5.5703208e+002
  5.4666356e+002
  5.3636537e+002
  5.2613854e+002
  5.1598410e+002
  5.0590307e+002
  4.9589644e+002
  4.8596521e+002
  4.7611040e+002
  4.6633297e+002
  4.5663391e+002
  4.4701418e+002
  4.3747475e+002
  4.2801657e+002
  4.1864059e+002
  4.0934775e+002
  4.0013897e+002
  3.9101517e+002
  3.8197728e+002
  3.7302618e+002
  3.6416278e+002
  3.5538797e+002
  3.4670261e+002
  3.3810759e+002
  3.2960375e+002
  3.2119195e+002
  3.1287303e+002
  3.0464782e+002
  2.9651715e+002
  2.8848183e+002
  2.8054265e+002
  2.7270042e+002
  2.6495592e+002
  2.5730993e+002
  2.4976320e+002
  2.4231649e+002
  2.3497056e+002
  2.2772612e+002
  2.2058391e+002
  2.1354464e+002
  2.0660902e+002
  1.9977773e+002
  1.9305147e+002
  1.8643090e+002
  1.7991669e+002
  1.7350948e+002
  1.6720992e+002
  1.6101864e+002
  1.5493626e+002
  1.4896338e+002
  1.4310060e+002
  1.3734852e+002
  1.3170770e+002
  1.2617870e+002
  1.2076209e+002
  1.1545840e+002
  1.1026816e+002
  1.0519190e+002
  1.0023012e+002
  9.5383309e+001
  9.0651962e+001
  8.6036548e+001
  8.1537530e+001
  7.7155357e+001
  7.2890468e+001
  6.8743288e+001
  6.4714234e+001
  6.0803707e+001
  5.7012098e+001
  5.3339787e+001
  4.9787142e+001
  4.6354516e+001
  4.3042254e+001
  3.9850687e+001
  3.6780134e+001
  3.3830902e+001
  3.1003286e+001
  2.8297568e+001
  2.5714020e+001
  2.3252899e+001
  2.0914452e+001
  1.8698912e+001
  1.6606502e+001
  1.4637430e+001
  1.2791893e+001
  1.1070076e+001
  9.4721503e+000
  7.9982769e+000
  6.6486025e+000
  5.4232623e+000
  4.3223787e+000
  3.3460619e+000
  2.4944093e+000
  1.7675064e+000
  1.1654256e+000
  6.8822722e-001
  3.3595899e-001
  1.0865613e-001
  6.3413583e-003
  2.9024912e-002
  1.7670452e-001
  4.4936542e-001
  8.4698034e-001
  1.3695095e+000
  2.0169007e+000
  2.7890892e+000
  3.6859977e+000
  4.7075365e+000
  5.8536036e+000
  7.1240843e+000
  8.5188516e+000
  1.0037766e+001
  1.1680675e+001
  1.3447416e+001
  1.5337810e+001
  1.7351670e+001
  1.9488794e+001
  2.1748968e+001
  2.4131965e+001
  2.6637549e+001
  2.9265468e+001
  3.2015459e+001
  3.4887248e+001
  3.7880547e+001
  4.0995057e+001
  4.4230466e+001
  4.7586451e+001
  5.1062677e+001
  5.4658795e+001
  5.8374447e+001
  6.2209260e+001
  6.6162851e+001
  7.0234825e+001
  7.4424775e+001
  7.8732281e+001
  8.3156912e+001
  8.7698227e+001
  9.2355772e+001
  9.7129080e+001
  1.0201767e+002
  1.0702106e+002
  1.1213875e+002
  1.1737023e+002
  1.2271496e+002
  1.2817242e+002
  1.3374207e+002
  1.3942334e+002
  1.4521567e+002
  1.5111847e+002
  1.5713116e+002
  1.6325314e+002
  1.6948379e+002
  1.7582249e+002
  1.8226861e+002
  1.8882150e+002
  1.9548051e+002
  2.0224496e+002
  2.0911420e+002
  2.1608752e+002
  2.2316423e+002
  2.3034362e+002
  2.3762498e+002
  2.4500758e+002
  2.5249067e+002
  2.6007352e+002
  2.6775535e+002
  2.7553541e+002
  2.8341292e+002
  2.9138708e+002
  2.9945710e+002
  3.0762218e+002
  3.1588150e+002
  3.2423422e+002
  3.3267952e+002
  3.4121655e+002
  3.4984446e+002
  3.5856239e+002
  3.6736946e+002
  3.7626479e+002
  3.8524749e+002
  3.9431667e+002
  4.0347141e+002
  4.1271081e+002
  4.2203393e+002
  4.3143986e+002
  4.4092763e+002
  4.5049632e+002
  4.6014495e+002
  4.6987257e+002
  4.7967820e+002
  4.8956086e+002
  4.9951956e+002
  5.0955331e+002
  5.1966111e+002
  5.2984194e+002
  5.4009478e+002
  5.5041862e+002
  5.6081241e+002
  5.7127512e+002
  5.8180570e+002
  5.9240310e+002
  6.0306626e+002
  6.1379412e+002
  6.2458559e+002
  6.3543960e+002
  6.4635507e+002
  6.5733091e+002
  6.6836601e+002
  6.7945927e+002
  6.9060959e+002
  7.0181584e+002
  7.1307691e+002
  7.2439168e+002
  7.3575900e+002
  7.4717775e+002
  7.5864678e+002
  7.7016495e+002
  7.8173110e+002
  7.9334407e+002
  8.0500271e+002
  8.1670585e+002
  8.2845232e+002
  8.4024094e+002
  8.5207054e+002
  8.6393993e+002
  8.7584793e+002
  8.8779334e+002
  8.9977498e+002
  9.1179163e+002
  9.2384211e+002
  9.3592520e+002
  9.4803969e+002
  9.6018439e+002
  9.7235806e+002
  9.8455950e+002
  9.9678748e+002
  1.0090408e+003
  1.0213182e+003
  1.0336185e+003
  1.0459404e+003
  1.0582827e+003
  1.0706442e+003
  1.0830236e+003
  1.0954197e+003
  1.1078313e+003
  1.1202571e+003
  1.1326958e+003
  1.1451463e+003
  1.1576073e+003
  1.1700775e+003
  1.1825557e+003
  1.1950407e+003
  1.2075311e+003
  1.2200258e+003
  1.2325235e+003
  1.2450230e+003
  1.2575229e+003
  1.2700221e+003
  1.2825193e+003
  1.2950132e+003
  1.3075027e+003
  1.3199863e+003
  1.3324630e+003
  1.3449315e+003
  1.3573904e+003
  1.3698386e+003
  1.3822748e+003
  1.3946978e+003
  1.4071064e+003
  1.4194992e+003
  1.4318750e+003
  1.4442327e+003
  1.4565710e+003
  1.4688886e+003
  1.4811843e+003
  1.4934569e+003
  1.5057051e+003
  1.5179278e+003
  1.5301237e+003
  1.5422916e+003
  1.5544302e+003
  1.5665384e+003
  1.5786149e+003
  1.5906586e+003
  1.6026682e+003
  1.6146426e+003
  1.6265805e+003
  1.6384807e+003
  1.6503421e+003
  1.6621634e+003
  1.6739436e+003
  1.6856813e+003
  1.6973755e+003
  1.7090249e+003
  1.7206285e+003
  1.7321849e+003
  1.7436932e+003
  1.7551521e+003
  1.7665604e+003
  1.7779171e+003
  1.7892211e+003
  1.8004711e+003
  1.8116660e+003
  1.8228048e+003
  1.8338863e+003
  1.8449094e+003
  1.8558730e+003
  1.8667761e+003
  1.8776175e+003
  1.8883961e+003
  1.8991108e+003
  1.9097607e+003
  1.9203445e+003
  1.9308614e+003
  1.9413101e+003
  1.9516898e+003
  1.9619992e+003
  1.9722375e+003
  1.9824035e+003
  1.9924963e+003
  2.0025149e+003
  2.0124582e+003
  2.0223252e+003
  2.0321150e+003
  2.0418267e+003
  2.0514591e+003
  2.0610114e+003
  2.0704825e+003
  2.0798717e+003
  2.0891778e+003
  2.0984001e+003
  2.1075375e+003
  2.1165891e+003
  2.1255541e+003
  2.1344315e+003
  2.1432205e+003
  2.1519201e+003
  2.1605296e+003
  2.1690480e+003
  2.1774745e+003
  2.1858083e+003
  2.1940485e+003
  2.2021943e+003
  2.2102448e+003
  2.2181994e+003
  2.2260571e+003
  2.2338172e+003
  2.2414790e+003
  2.2490415e+003
  2.2565042e+003
  2.2638663e+003
  2.2711269e+003
  2.2782855e+003
  2.2853412e+003
  2.2922933e+003
  2.2991413e+003
  2.3058843e+003
  2.3125218e+003
  2.3190530e+003
  2.3254773e+003
  2.3317940e+003
  2.3380026e+003
  2.3441023e+003
  2.3500927e+003
  2.3559731e+003
  2.3617428e+003
  2.3674014e+003
  2.3729482e+003
  2.3783828e+003
  2.3837045e+003
  2.3889128e+003
  2.3940073e+003
  2.3989873e+003
  2.4038525e+003
  2.4086022e+003
  2.4132362e+003
  2.4177537e+003
  2.4221546e+003
  2.4264382e+003
  2.4306041e+003
  2.4346520e+003
  2.4385814e+003
  2.4423920e+003
  2.4460833e+003
  2.4496551e+003
  2.4531068e+003
  2.4564383e+003
  2.4596491e+003
  2.4627389e+003
  2.4657075e+003
  2.4685545e+003
  2.4712797e+003
  2.4738827e+003
  2.4763633e+003
  2.4787213e+003
  2.4809565e+003
  2.4830685e+003
  2.4850572e+003
  2.4869225e+003
  2.4886640e+003
  2.4902817e+003
  2.4917753e+003
  2.4931448e+003
  2.4943899e+003
  2.4955106e+003
  2.4965068e+003
  2.4973783e+003
  2.4981251e+003
  2.4987470e+003
  2.4992441e+003
  2.4996163e+003
  2.4998635e+003
  2.4999857e+003
  2.4999830e+003
  2.4998552e+003
  2.4996024e+003
  2.4992247e+003
  2.4987221e+003
  2.4980946e+003
  2.4973422e+003
  2.4964652e+003
  2.4954635e+003
  2.4943373e+003
  2.4930866e+003
  2.4917116e+003
  2.4902125e+003
  2.4885893e+003
  2.4868422e+003
  2.4849715e+003
  2.4829773e+003
  2.4808598e+003
  2.4786192e+003
  2.4762558e+003
  2.4737697e+003
  2.4711612e+003
  2.4684307e+003
  2.4655783e+003
  2.4626043e+003
  2.4595091e+003
  2.4562929e+003
  2.4529561e+003
  2.4494990e+003
  2.4459220e+003
  2.4422253e+003
  2.4384095e+003
  2.4344748e+003
  2.4304216e+003
  2.4262504e+003
  2.4219616e+003
  2.4175556e+003
  2.4130328e+003
  2.4083938e+003
  2.4036389e+003
  2.3987686e+003
  2.3937835e+003
  2.3886839e+003
  2.3834706e+003
  2.3781438e+003
  2.3727043e+003
  2.3671525e+003
  2.3614889e+003
  2.3557143e+003
  2.3498290e+003
  2.3438338e+003
  2.3377292e+003
  2.3315158e+003
  2.3251943e+003
  2.3187652e+003
  2.3122293e+003
  2.3055871e+003
  2.2988394e+003
  2.2919868e+003
  2.2850300e+003
  2.2779697e+003
  2.2708066e+003
  2.2635415e+003
  2.2561750e+003
  2.2487078e+003
  2.2411408e+003
  2.2334747e+003
  2.2257102e+003
  2.2178482e+003
  2.2098894e+003
  2.2018346e+003
  2.1936846e+003
  2.1854402e+003
  2.1771023e+003
  2.1686717e+003
  2.1601492e+003
  2.1515357e+003
  2.1428321e+003
  2.1340391e+003
  2.1251578e+003
  2.1161890e+003
  2.1071335e+003
  2.0979923e+003
  2.0887663e+003
  2.0794565e+003
  2.0700637e+003
  2.0605889e+003
  2.0510330e+003
  2.0413971e+003
  2.0316820e+003
  2.0218887e+003
  2.0120182e+003
  2.0020716e+003
  1.9920497e+003
  1.9819536e+003
  1.9717844e+003
  1.9615429e+003
  1.9512303e+003
  1.9408476e+003
  1.9303958e+003
  1.9198760e+003
  1.9092891e+003
  1.8986364e+003
  1.8879187e+003
  1.8771373e+003
  1.8662932e+003
  1.8553875e+003
  1.8444212e+003
  1.8333954e+003
  1.8223114e+003
  1.8111700e+003
  1.7999726e+003
  1.7887202e+003
  1.7774139e+003
  1.7660549e+003
  1.7546443e+003
  1.7431832e+003
  1.7316727e+003
  1.7201142e+003
  1.7085086e+003
  1.6968571e+003
  1.6851610e+003
  1.6734213e+003
  1.6616393e+003
  1.6498162e+003
  1.6379531e+003
  1.6260511e+003
  1.6141116e+003
  1.6021357e+003
  1.5901245e+003
  1.5780793e+003
  1.5660014e+003
  1.5538918e+003
  1.5417518e+003
  1.5295827e+003
  1.5173856e+003
  1.5051617e+003
  1.4929124e+003
  1.4806387e+003
  1.4683420e+003
  1.4560235e+003
  1.4436843e+003
  1.4313258e+003
  1.4189492e+003
  1.4065556e+003
  1.3941465e+003
  1.3817228e+003
  1.3692861e+003
  1.3568374e+003
  1.3443780e+003
  1.3319091e+003
  1.3194321e+003
  1.3069481e+003
  1.2944585e+003
  1.2819644e+003
  1.2694671e+003
  1.2569678e+003
  1.2444679e+003
  1.2319685e+003
  1.2194709e+003
  1.2069764e+003
  1.1944861e+003
  1.1820014e+003
  1.1695236e+003
  1.1570537e+003
  1.1445932e+003
  1.1321432e+003
  1.1197050e+003
  1.1072798e+003
  1.0948689e+003
  1.0824735e+003
  1.0700948e+003
  1.0577342e+003
  1.0453927e+003
  1.0330718e+003
  1.0207725e+003
  1.0084961e+003
  9.9624392e+002
  9.8401709e+002
  9.7181686e+002
  9.5964444e+002
  9.4750107e+002
  9.3538794e+002
  9.2330627e+002
  9.1125727e+002
  8.9924215e+002
  8.8726210e+002
  8.7531832e+002
  8.6341201e+002
  8.5154436e+002
  8.3971656e+002
  8.2792978e+002
  8.1618521e+002
  8.0448403e+002
  7.9282739e+002
  7.8121647e+002
  7.6965243e+002
  7.5813642e+002
  7.4666959e+002
  7.3525311e+002
  7.2388809e+002
  7.1257569e+002
  7.0131702e+002
  6.9011323e+002
  6.7896542e+002
  6.6787472e+002
  6.5684223e+002
  6.4586905e+002
  6.3495629e+002
  6.2410503e+002
  6.1331636e+002
  6.0259135e+002
  5.9193109e+002
  5.8133664e+002
  5.7080905e+002
  5.6034937e+002
  5.4995867e+002
  5.3963796e+002
  5.2938829e+002
  5.1921069e+002
  5.0910616e+002
  4.9907572e+002
  4.8912037e+002
  4.7924111e+002
  4.6943892e+002
  4.5971479e+002
  4.5006969e+002
  4.4050458e+002
  4.3102042e+002
  4.2161815e+002
  4.1229872e+002
  4.0306307e+002
  3.9391210e+002
  3.8484675e+002
  3.7586790e+002
  3.6697647e+002
  3.5817335e+002
  3.4945940e+002
  3.4083551e+002
  3.3230253e+002
  3.2386132e+002
  3.1551273e+002
  3.0725758e+002
  2.9909671e+002
  2.9103093e+002
  2.8306104e+002
  2.7518784e+002
  2.6741213e+002
  2.5973467e+002
  2.5215624e+002
  2.4467760e+002
  2.3729948e+002
  2.3002263e+002
  2.2284779e+002
  2.1577565e+002
  2.0880694e+002
  2.0194234e+002
  1.9518255e+002
  1.8852824e+002
  1.8198008e+002
  1.7553872e+002
  1.6920480e+002
  1.6297896e+002
  1.5686183e+002
  1.5085400e+002
  1.4495609e+002
  1.3916869e+002
  1.3349236e+002
  1.2792769e+002
  1.2247522e+002
  1.1713550e+002
  1.1190907e+002
  1.0679645e+002
  1.0179814e+002
  9.6914658e+001
  9.2146481e+001
  8.7494088e+001
  8.2957945e+001
  7.8538505e+001
  7.4236211e+001
  7.0051491e+001
  6.5984766e+001
  6.2036441e+001
  5.8206912e+001
  5.4496561e+001
  5.0905759e+001
  4.7434865e+001
  4.4084228e+001
  4.0854180e+001
  3.7745047e+001
  3.4757137e+001
  3.1890752e+001
  2.9146176e+001
  2.6523684e+001
  2.4023539e+001
  2.1645990e+001
  1.9391276e+001
  1.7259622e+001
  1.5251241e+001
  1.3366334e+001
  1.1605089e+001
  9.9676821e+000
  8.4542777e+000
  7.0650269e+000
  5.8000686e+000
  4.6595292e+000
  3.6435228e+000
  2.7521510e+000
  1.9855030e+000
  1.3436554e+000
  8.2667236e-001
  4.3460563e-001
  1.6749439e-001
  2.5365369e-002
  0.0000000e+000
  6.2499479e-002
  2.4999167e-001
  5.6245781e-001
  9.9986667e-001
  1.5621745e+000
  2.2493251e+000
  3.0612497e+000
  3.9978671e+000
  5.0590837e+000
  6.2447934e+000
  7.5548776e+000
  8.9892052e+000
  1.0547633e+001
  1.2230005e+001
  1.4036153e+001
  1.5965896e+001
  1.8019041e+001
  2.0195384e+001
  2.2494706e+001
  2.4916778e+001
  2.7461357e+001
  3.0128188e+001
  3.2917006e+001
  3.5827531e+001
  3.8859473e+001
  4.2012527e+001
  4.5286380e+001
  4.8680702e+001
  5.2195156e+001
  5.5829389e+001
  5.9583038e+001
  6.3455727e+001
  6.7447071e+001
  7.1556668e+001
  7.5784109e+001
  8.0128970e+001
  8.4590818e+001
  8.9169206e+001
  9.3863675e+001
  9.8673757e+001
  1.0359897e+002
  1.0863882e+002
  1.1379281e+002
  1.1906042e+002
  1.2444112e+002
  1.2993438e+002
  1.3553964e+002
  1.4125635e+002
  1.4708393e+002
  1.5302180e+002
  1.5906937e+002
  1.6522603e+002
  1.7149116e+002
  1.7786415e+002
  1.8434435e+002
  1.9093111e+002
  1.9762378e+002
  2.0442169e+002
  2.1132415e+002
  2.1833048e+002
  2.2543998e+002
  2.3265193e+002
  2.3996561e+002
  2.4738030e+002
  2.5489525e+002
  2.6250971e+002
  2.7022292e+002
  2.7803410e+002
  2.8594248e+002
  2.9394727e+002
  3.0204766e+002
  3.1024284e+002
  3.1853200e+002
  3.2691430e+002
  3.3538891e+002
  3.4395499e+002
  3.5261166e+002
  3.6135808e+002
  3.7019336e+002
  3.7911661e+002
  3.8812696e+002
  3.9722349e+002
  4.0640530e+002
  4.1567147e+002
  4.2502107e+002
  4.3445316e+002
  4.4396682e+002
  4.5356107e+002
  4.6323497e+002
  4.7298754e+002
  4.8281781e+002
  4.9272480e+002
  5.0270752e+002
  5.1276497e+002
  5.2289614e+002
  5.3310002e+002
  5.4337559e+002
  5.5372182e+002
  5.6413767e+002
  5.7462212e+002
  5.8517410e+002
  5.9579256e+002
  6.0647644e+002
  6.1722468e+002
  6.2803619e+002
  6.3890990e+002
  6.4984471e+002
  6.6083954e+002
  6.7189329e+002
  6.8300485e+002
  6.9417310e+002
  7.0539694e+002
  7.1667524e+002
  7.2800687e+002
  7.3939070e+002
  7.5082559e+002
  7.6231039e+002
  7.7384397e+002
  7.8542516e+002
  7.9705281e+002
  8.0872575e+002
  8.2044282e+002
  8.3220284e+002
  8.4400464e+002
  8.5584705e+002
  8.6772886e+002
  8.7964891e+002
  8.9160599e+002
  9.0359891e+002
  9.1562646e+002
  9.2768746e+002
  9.3978069e+002
  9.5190493e+002
  9.6405899e+002
  9.7624164e+002
  9.8845167e+002
  1.0006878e+003
  1.0129490e+003
  1.0252338e+003
  1.0375411e+003
  1.0498696e+003
  1.0622182e+003
  1.0745855e+003
  1.0869704e+003
  1.0993715e+003
  1.1117878e+003
  1.1242178e+003
  1.1366605e+003
  1.1491144e+003
  1.1615785e+003
  1.1740514e+003
  1.1865319e+003
  1.1990187e+003
  1.2115107e+003
  1.2240065e+003
  1.2365049e+003
  1.2490046e+003
  1.2615044e+003
  1.2740031e+003
  1.2864994e+003
  1.2989920e+003
  1.3114798e+003
  1.3239614e+003
  1.3364356e+003
  1.3489011e+003
  1.3613568e+003
  1.3738013e+003
  1.3862334e+003
  1.3986520e+003
  1.4110556e+003
  1.4234432e+003
  1.4358134e+003
  1.4481650e+003
  1.4604968e+003
  1.4728076e+003
  1.4850960e+003
  1.4973610e+003
  1.5096013e+003
  1.5218155e+003
  1.5340026e+003
  1.5461613e+003
  1.5582904e+003
  1.5703886e+003
  1.5824548e+003
  1.5944878e+003
  1.6064863e+003
  1.6184492e+003
  1.6303752e+003
  1.6422632e+003
  1.6541120e+003
  1.6659203e+003
  1.6776871e+003
  1.6894111e+003
  1.7010911e+003
  1.7127260e+003
  1.7243147e+003
  1.7358559e+003
  1.7473486e+003
  1.7587915e+003
  1.7701835e+003
  1.7815236e+003
  1.7928104e+003
  1.8040430e+003
  1.8152202e+003
  1.8263409e+003
  1.8374039e+003
  1.8484082e+003
  1.8593526e+003
  1.8702361e+003
  1.8810576e+003
  1.8918160e+003
  1.9025102e+003
  1.9131392e+003
  1.9237018e+003
  1.9341971e+003
  1.9446239e+003
  1.9549813e+003
  1.9652682e+003
  1.9754836e+003
  1.9856264e+003
  1.9956957e+003
  2.0056903e+003
  2.0156095e+003
  2.0254520e+003
  2.0352170e+003
  2.0449035e+003
  2.0545105e+003
  2.0640371e+003
  2.0734822e+003
  2.0828450e+003
  2.0921245e+003
  2.1013199e+003
  2.1104300e+003
  2.1194542e+003
  2.1283913e+003
  2.1372407e+003
  2.1460013e+003
  2.1546723e+003
  2.1632529e+003
  2.1717421e+003
  2.1801392e+003
  2.1884433e+003
  2.1966535e+003
  2.2047690e+003
  2.2127891e+003
  2.2207129e+003
  2.2285396e+003
  2.2362684e+003
  2.2438987e+003
  2.2514295e+003
  2.2588602e+003
  2.2661900e+003
  2.2734182e+003
  2.2805441e+003
  2.2875669e+003
  2.2944860e+003
  2.3013006e+003
  2.3080101e+003
  2.3146137e+003
  2.3211109e+003
  2.3275010e+003
  2.3337834e+003
  2.3399574e+003
  2.3460224e+003
  2.3519777e+003
  2.3578229e+003
  2.3635573e+003
  2.3691804e+003
  2.3746915e+003
  2.3800902e+003
  2.3853758e+003
  2.3905480e+003
  2.3956060e+003
  2.4005495e+003
  2.4053780e+003
  2.4100909e+003
  2.4146878e+003
  2.4191682e+003
  2.4235318e+003
  2.4277779e+003
  2.4319063e+003
  2.4359165e+003
  2.4398081e+003
  2.4435808e+003
  2.4472340e+003
  2.4507676e+003
  2.4541811e+003
  2.4574741e+003
  2.4606465e+003
  2.4636977e+003
  2.4666276e+003
  2.4694358e+003
  2.4721221e+003
  2.4746862e+003
  2.4771278e+003
  2.4794466e+003
  2.4816426e+003
  2.4837154e+003
  2.4856648e+003
  2.4874906e+003
  2.4891927e+003
  2.4907709e+003
  2.4922250e+003
  2.4935549e+003
  2.4947604e+003
  2.4958415e+003
  2.4967979e+003
  2.4976297e+003
  2.4983367e+003
  2.4989189e+003
  2.4993762e+003
  2.4997086e+003
  2.4999160e+003
  2.4999984e+003
  2.4999558e+003
  2.4997882e+003
  2.4994957e+003
  2.4990782e+003
  2.4985357e+003
  2.4978685e+003
  2.4970764e+003
  2.4961596e+003
  2.4951183e+003
  2.4939524e+003
  2.4926621e+003
  2.4912475e+003
  2.4897089e+003
  2.4880462e+003
  2.4862598e+003
  2.4843497e+003
  2.4823162e+003
  2.4801595e+003
  2.4778797e+003
  2.4754772e+003
  2.4729521e+003
  2.4703047e+003
  2.4675353e+003
  2.4646442e+003
  2.4616315e+003
  2.4584977e+003
  2.4552431e+003
  2.4518679e+003
  2.4483726e+003
  2.4447574e+003
  2.4410228e+003
  2.4371690e+003
  2.4331965e+003
  2.4291057e+003
  2.4248970e+003
  2.4205709e+003
  2.4161276e+003
  2.4115678e+003
  2.4068917e+003
  2.4021000e+003
  2.3971931e+003
  2.3921715e+003
  2.3870357e+003
  2.3817861e+003
  2.3764234e+003
  2.3709480e+003
  2.3653606e+003
  2.3596616e+003
  2.3538516e+003
  2.3479313e+003
  2.3419011e+003
  2.3357618e+003
  2.3295139e+003
  2.3231580e+003
  2.3166949e+003
  2.3101250e+003
  2.3034492e+003
  2.2966680e+003
  2.2897821e+003
  2.2827923e+003
  2.2756992e+003
  2.2685035e+003
  2.2612060e+003
  2.2538073e+003
  2.2463083e+003
  2.2387096e+003
  2.2310121e+003
  2.2232165e+003
  2.2153235e+003
  2.2073340e+003
  2.1992488e+003
  2.1910687e+003
  2.1827944e+003
  2.1744269e+003
  2.1659669e+003
  2.1574154e+003
  2.1487731e+003
  2.1400409e+003
  2.1312197e+003
  2.1223104e+003
  2.1133139e+003
  2.1042310e+003
  2.0950627e+003
  2.0858099e+003
  2.0764735e+003
  2.0670545e+003
  2.0575538e+003
  2.0479723e+003
  2.0383110e+003
  2.0285709e+003
  2.0187530e+003
  2.0088581e+003
  1.9988874e+003
  1.9888418e+003
  1.9787223e+003
  1.9685299e+003
  1.9582657e+003
  1.9479307e+003
  1.9375258e+003
  1.9270522e+003
  1.9165109e+003
  1.9059030e+003
  1.8952295e+003
  1.8844914e+003
  1.8736899e+003
  1.8628260e+003
  1.8519009e+003
  1.8409155e+003
  1.8298711e+003
  1.8187687e+003
  1.8076094e+003
  1.7963943e+003
  1.7851246e+003
  1.7738014e+003
  1.7624258e+003
  1.7509990e+003
  1.7395220e+003
  1.7279961e+003
  1.7164225e+003
  1.7048021e+003
  1.6931363e+003
  1.6814262e+003
  1.6696730e+003
  1.6578777e+003
  1.6460417e+003
  1.6341661e+003
  1.6222521e+003
  1.6103008e+003
  1.5983135e+003
  1.5862914e+003
  1.5742356e+003
  1.5621475e+003
  1.5500281e+003
  1.5378787e+003
  1.5257005e+003
  1.5134947e+003
  1.5012627e+003
  1.4890054e+003
  1.4767243e+003
  1.4644205e+003
  1.4520953e+003
  1.4397498e+003
  1.4273854e+003
  1.4150032e+003
  1.4026046e+003
  1.3901907e+003
  1.3777627e+003
  1.3653220e+003
  1.3528698e+003
  1.3404072e+003
  1.3279356e+003
  1.3154563e+003
  1.3029704e+003
  1.2904791e+003
  1.2779839e+003
  1.2654858e+003
  1.2529862e+003
  1.2404863e+003
  1.2279874e+003
  1.2154906e+003
  1.2029973e+003
  1.1905087e+003
  1.1780261e+003
  1.1655506e+003
  1.1530836e+003
  1.1406263e+003
  1.1281799e+003
  1.1157457e+003
  1.1033249e+003
  1.0909188e+003
  1.0785286e+003
  1.0661556e+003
  1.0538009e+003
  1.0414658e+003
  1.0291516e+003
  1.0168595e+003
  1.0045907e+003
  9.9234649e+002
  9.8012800e+002
  9.6793649e+002
  9.5577320e+002
  9.4363932e+002
  9.3153608e+002
  9.1946469e+002
  9.0742635e+002
  8.9542227e+002
  8.8345364e+002
  8.7152167e+002
  8.5962755e+002
  8.4777246e+002
  8.3595760e+002
  8.2418414e+002
  8.1245326e+002
  8.0076614e+002
  7.8912394e+002
  7.7752782e+002
  7.6597895e+002
  7.5447849e+002
  7.4302758e+002
  7.3162736e+002
  7.2027898e+002
  7.0898357e+002
  6.9774226e+002
  6.8655618e+002
  6.7542644e+002
  6.6435416e+002
  6.5334044e+002
  6.4238639e+002
  6.3149310e+002
  6.2066166e+002
  6.0989315e+002
  5.9918866e+002
  5.8854924e+002
  5.7797597e+002
  5.6746990e+002
  5.5703208e+002
  5.4666356e+002
  5.3636537e+002
  5.2613854e+002
  5.1598410e+002
  5.0590307e+002
  4.9589644e+002
  4.8596521e+002
  4.7611040e+002
  4.6633297e+002
  4.5663391e+002
  4.4701418e+002
  4.3747475e+002
  4.2801657e+002
  4.1864059e+002
  4.0934775e+002
  4.0013897e+002
  3.9101517e+002
  3.8197728e+002
  3.7302618e+002
  3.6416278e+002
  3.5538797e+002
  3.4670261e+002
  3.3810759e+002
  3.2960375e+002
  3.2119195e+002
  3.1287303e+002
  3.0464782e+002
  2.9651715e+002
  2.8848183e+002
  2.8054265e+002
  2.7270042e+002
  2.6495592e+002
  2.5730993e+002
  2.4976320e+002
  2.4231649e+002
  2.3497056e+002
  2.2772612e+002
  2.2058391e+002
  2.1354464e+002
  2.0660902e+002
  1.9977773e+002
  1.9305147e+002
  1.8643090e+002
  1.7991669e+002
  1.7350948e+002
  1.6720992e+002
  1.6101864e+002
  1.5493626e+002
  1.4896338e+002
  1.4310060e+002
  1.3734852e+002
  1.3170770e+002
  1.2617870e+002
  1.2076209e+002
  1.1545840e+002
  1.1026816e+002
  1.0519190e+002
  1.0023012e+002
  9.5383309e+001
  9.0651962e+001
  8.6036548e+001
  8.1537530e+001
  7.7155357e+001
  7.2890468e+001
  6.8743288e+001
  6.4714234e+001
  6.0803707e+001
  5.7012098e+001
  5.3339787e+001
  4.9787142e+001
  4.6354516e+001
  4.3042254e+001
  3.9850687e+001
  3.6780134e+001
  3.3830902e+001
  3.1003286e+001
  2.8297568e+001
  2.5714020e+001
  2.3252899e+001
  2.0914452e+001
  1.8698912e+001
  1.6606502e+001
  1.4637430e+001
  1.2791893e+001
  1.1070076e+001
  9.4721503e+000
  7.9982769e+000
  6.6486025e+000
  5.4232623e+000
  4.3223787e+000
  3.3460619e+000
  2.4944093e+000
  1.7675064e+000
  1.1654256e+000
  6.8822722e-001
  3.3595899e-001
  1.0865613e-001
  6.3413583e-003
  2.9024912e-002
  1.7670452e-001
  4.4936542e-001
  8.4698034e-001
  1.3695095e+000
  2.0169007e+000
  2.7890892e+000
  3.6859977e+000
  4.7075365e+000
  5.8536036e+000
  7.1240843e+000
  8.5188516e+000
  1.0037766e+001
  1.1680675e+001
  1.3447416e+001
  1.5337810e+001
  1.7351670e+001
  1.9488794e+001
  2.1748968e+001
  2.4131965e+001
  2.6637549e+001
  2.9265468e+001
  3.2015459e+001
  3.4887248e+001
  3.7880547e+001
  4.0995057e+001
  4.4230466e+001
  4.7586451e+001
  5.1062677e+001
  5.4658795e+001
  5.8374447e+001
  6.2209260e+001
  6.6162851e+001
  7.0234825e+001
  7.4424775e+001
  7.8732281e+001
  8.3156912e+001
  8.7698227e+001
  9.2355772e+001
  9.7129080e+001
  1.0201767e+002
  1.0702106e+002
  1.1213875e+002
  1.1737023e+002
  1.2271496e+002
  1.2817242e+002
  1.3374207e+002
  1.3942334e+002
  1.4521567e+002
  1.5111847e+002
  1.5713116e+002
  1.6325314e+002
  1.6948379e+002
  1.7582249e+002
  1.8226861e+002
  1.8882150e+002
  1.9548051e+002
  2.0224496e+002
  2.0911420e+002
  2.1608752e+002
  2.2316423e+002
  2.3034362e+002
  2.3762498e+002
  2.4500758e+002
  2.5249067e+002
  2.6007352e+002
  2.6775535e+002
  2.7553541e+002
  2.8341292e+002
  2.9138708e+002
  2.9945710e+002
  3.0762218e+002
  3.1588150e+002
  3.2423422e+002
  3.3267952e+002
  3.4121655e+002
  3.4984446e+002
  3.5856239e+002
  3.6736946e+002
  3.7626479e+002
  3.8524749e+002
  3.9431667e+002
  4.0347141e+002
  4.1271081e+002
  4.2203393e+002
  4.3143986e+002
  4.4092763e+002
  4.5049632e+002
  4.6014495e+002
  4.6987257e+002
  4.7967820e+002
  4.8956086e+002
  4.9951956e+002
  5.0955331e+002
  5.1966111e+002
  5.2984194e+002
  5.4009478e+002
  5.5041862e+002
  5.6081241e+002
  5.7127512e+002
  5.8180570e+002
  5.9240310e+002
  6.0306626e+002
  6.1379412e+002
  6.2458559e+002
  6.3543960e+002
  6.4635507e+002
  6.5733091e+002
  6.6836601e+002
  6.7945927e+002
  6.9060959e+002
  7.0181584e+002
  7.1307691e+002
  7.2439168e+002
  7.3575900e+002
  7.4717775e+002
  7.5864678e+002
  7.7016495e+002
  7.8173110e+002
  7.9334407e+002
  8.0500271e+002
  8.1670585e+002
  8.2845232e+002
  8.4024094e+002
  8.5207054e+002
  8.6393993e+002
  8.7584793e+002
  8.8779334e+002
  8.9977498e+002
  9.1179163e+002
  9.2384211e+002
  9.3592520e+002
  9.4803969e+002
  9.6018439e+002
  9.7235806e+002
  9.8455950e+002
  9.9678748e+002
  1.0090408e+003
  1.0213182e+003
  1.0336185e+003
  1.0459404e+003
  1.0582827e+003
  1.0706442e+003
  1.0830236e+003
  1.0954197e+003
  1.1078313e+003
  1.1202571e+003
  1.1326958e+003
  1.1451463e+003
  1.1576073e+003
  1.1700775e+003
  1.1825557e+003
  1.1950407e+003
  1.2075311e+003
  1.2200258e+003
  1.2325235e+003
  1.2450230e+003
  1.2575229e+003
  1.2700221e+003
  1.2825193e+003
  1.2950132e+003
  1.3075027e+003
  1.3199863e+003
  1.3324630e+003
  1.3449315e+003
  1.3573904e+003
  1.3698386e+003
  1.3822748e+003
  1.3946978e+003
  1.4071064e+003
  1.4194992e+003
  1.4318750e+003
  1.4442327e+003
  1.4565710e+003
  1.4688886e+003
  1.4811843e+003
  1.4934569e+003
  1.5057051e+003
  1.5179278e+003
  1.5301237e+003
  1.5422916e+003
  1.5544302e+003
  1.5665384e+003
  1.5786149e+003
  1.5906586e+003
  1.6026682e+003
  1.6146426e+003
  1.6265805e+003
  1.6384807e+003
  1.6503421e+003
  1.6621634e+003
  1.6739436e+003
  1.6856813e+003
  1.6973755e+003
  1.7090249e+003
  1.7206285e+003
  1.7321849e+003
  1.7436932e+003
  1.7551521e+003
  1.7665604e+003
  1.7779171e+003
  1.7892211e+003
  1.8004711e+003
  1.8116660e+003
  1.8228048e+003
  1.8338863e+003
  1.8449094e+003
  1.8558730e+003
  1.8667761e+003
  1.8776175e+003
  1.8883961e+003
  1.8991108e+003
  1.9097607e+003
  1.9203445e+003
  1.9308614e+003
  1.9413101e+003
  1.9516898e+003
  1.9619992e+003
  1.9722375e+003
  1.9824035e+003
  1.9924963e+003
  2.0025149e+003
  2.0124582e+003
  2.0223252e+003
  2.0321150e+003
  2.0418267e+003
  2.0514591e+003
  2.0610114e+003
  2.0704825e+003
  2.0798717e+003
  2.0891778e+003
  2.0984001e+003
  2.1075375e+003
  2.1165891e+003
  2.1255541e+003
  2.1344315e+003
  2.1432205e+003
  2.1519201e+003
  2.1605296e+003
  2.1690480e+003
  2.1774745e+003
  2.1858083e+003
  2.1940485e+003
  2.2021943e+003
  2.2102448e+003
  2.2181994e+003
  2.2260571e+003
  2.2338172e+003
  2.2414790e+003
  2.2490415e+003
  2.2565042e+003
  2.2638663e+003
  2.2711269e+003
  2.2782855e+003
  2.2853412e+003
  2.2922933e+003
  2.2991413e+003
  2.3058843e+003
  2.3125218e+003
  2.3190530e+003
  2.3254773e+003
  2.3317940e+003
  2.3380026e+003
  2.3441023e+003
  2.3500927e+003
  2.3559731e+003
  2.3617428e+003
  2.3674014e+003
  2.3729482e+003
  2.3783828e+003
  2.3837045e+003
  2.3889128e+003
  2.3940073e+003
  2.3989873e+003
  2.4038525e+003
  2.4086022e+003
  2.4132362e+003
  2.4177537e+003
  2.4221546e+003
  2.4264382e+003
  2.4306041e+003
  2.4346520e+003
  2.4385814e+003
  2.4423920e+003
  2.4460833e+003
  2.4496551e+003
  2.4531068e+003
  2.4564383e+003
  2.4596491e+003
  2.4627389e+003
  2.4657075e+003
  2.4685545e+003
  2.4712797e+003
  2.4738827e+003
  2.4763633e+003
  2.4787213e+003
  2.4809565e+003
  2.4830685e+003
  2.4850572e+003
  2.4869225e+003
  2.4886640e+003
  2.4902817e+003
  2.4917753e+003
  2.4931448e+003
  2.4943899e+003
  2.4955106e+003
  2.4965068e+003
  2.4973783e+003
  2.4981251e+003
  2.4987470e+003
  2.4992441e+003
  2.4996163e+003
  2.4998635e+003
  2.4999857e+003
  2.4999830e+003
  2.4998552e+003
  2.4996024e+003
  2.4992247e+003
  2.4987221e+003
  2.4980946e+003
  2.4973422e+003
  2.4964652e+003
  2.4954635e+003
  2.4943373e+003
  2.4930866e+003
  2.4917116e+003
  2.4902125e+003
  2.4885893e+003
  2.4868422e+003
  2.4849715e+003
  2.4829773e+003
  2.4808598e+003
  2.4786192e+003
  2.4762558e+003
  2.4737697e+003
  2.4711612e+003
  2.4684307e+003
  2.4655783e+003
  2.4626043e+003
  2.4595091e+003
  2.4562929e+003
  2.4529561e+003
  2.4494990e+003
  2.4459220e+003
  2.4422253e+003
  2.4384095e+003
  2.4344748e+003
  2.4304216e+003
  2.4262504e+003
  2.4219616e+003
  2.4175556e+003
  2.4130328e+003
  2.4083938e+003
  2.4036389e+003
  2.3987686e+003
  2.3937835e+003
  2.3886839e+003
  2.3834706e+003
  2.3781438e+003
  2.3727043e+003
  2.3671525e+003
  2.3614889e+003
  2.3557143e+003
  2.3498290e+003
  2.3438338e+003
  2.3377292e+003
  2.3315158e+003
  2.3251943e+003
  2.3187652e+003
  2.3122293e+003
  2.3055871e+003
  2.2988394e+003
  2.2919868e+003
  2.2850300e+003
  2.2779697e+003
  2.2708066e+003
  2.2635415e+003
  2.2561750e+003
  2.2487078e+003
  2.2411408e+003
  2.2334747e+003
  2.2257102e+003
  2.2178482e+003
  2.2098894e+003
  2.2018346e+003
  2.1936846e+003
  2.1854402e+003
  2.1771023e+003
  2.1686717e+003
  2.1601492e+003
  2.1515357e+003
  2.1428321e+003
  2.1340391e+003
  2.1251578e+003
  2.1161890e+003
  2.1071335e+003
  2.0979923e+003
  2.0887663e+003
  2.0794565e+003
  2.0700637e+003
  2.0605889e+003
  2.0510330e+003
  2.0413971e+003
  2.0316820e+003
  2.0218887e+003
  2.0120182e+003
  2.0020716e+003
  1.9920497e+003
  1.9819536e+003
  1.9717844e+003
  1.9615429e+003
  1.9512303e+003
  1.9408476e+003
  1.9303958e+003
  1.9198760e+003
  1.9092891e+003
  1.8986364e+003
  1.8879187e+003
  1.8771373e+003
  1.8662932e+003
  1.8553875e+003
  1.8444212e+003
  1.8333954e+003
  1.8223114e+003
  1.8111700e+003
  1.7999726e+003
  1.7887202e+003
  1.7774139e+003
  1.7660549e+003
  1.7546443e+003
  1.7431832e+003
  1.7316727e+003
  1.7201142e+003
  1.7085086e+003
  1.6968571e+003
  1.6851610e+003
  1.6734213e+003
  1.6616393e+003
  1.6498162e+003
  1.6379531e+003
  1.6260511e+003
  1.6141116e+003
  1.6021357e+003
  1.5901245e+003
  1.5780793e+003
  1.5660014e+003
  1.5538918e+003
  1.5417518e+003
  1.5295827e+003
  1.5173856e+003
  1.5051617e+003
  1.4929124e+003
  1.4806387e+003
  1.4683420e+003
  1.4560235e+003
  1.4436843e+003
  1.4313258e+003
  1.4189492e+003
  1.4065556e+003
  1.3941465e+003
  1.3817228e+003
  1.3692861e+003
  1.3568374e+003
  1.3443780e+003
  1.3319091e+003
  1.3194321e+003
  1.3069481e+003
  1.2944585e+003
  1.2819644e+003
  1.2694671e+003
  1.2569678e+003
  1.2444679e+003
  1.2319685e+003
  1.2194709e+003
  1.2069764e+003
  1.1944861e+003
  1.1820014e+003
  1.1695236e+003
  1.1570537e+003
  1.1445932e+003
  1.1321432e+003
  1.1197050e+003
  1.1072798e+003
  1.0948689e+003
  1.0824735e+003
  1.0700948e+003
  1.0577342e+003
  1.0453927e+003
  1.0330718e+003
  1.0207725e+003
  1.0084961e+003
  9.9624392e+002
  9.8401709e+002
  9.7181686e+002
  9.5964444e+002
  9.4750107e+002
  9.3538794e+002
  9.2330627e+002
  9.1125727e+002
  8.9924215e+002
  8.8726210e+002
  8.7531832e+002
  8.6341201e+002
  8.5154436e+002
  8.3971656e+002
  8.2792978e+002
  8.1618521e+002
  8.0448403e+002
  7.9282739e+002
  7.8121647e+002
  7.6965243e+002
  7.5813642e+002
  7.4666959e+002
  7.3525311e+002
  7.2388809e+002
  7.1257569e+002
  7.0131702e+002
  6.9011323e+002
  6.7896542e+002
  6.6787472e+002
  6.5684223e+002
  6.4586905e+002
  6.3495629e+002
  6.2410503e+002
  6.1331636e+002
  6.0259135e+002
  5.9193109e+002
  5.8133664e+002
  5.7080905e+002
  5.6034937e+002
  5.4995867e+002
  5.3963796e+002
  5.2938829e+002
  5.1921069e+002
  5.0910616e+002
  4.9907572e+002
  4.8912037e+002
  4.7924111e+002
  4.6943892e+002
  4.5971479e+002
  4.5006969e+002
  4.4050458e+002
  4.3102042e+002
  4.2161815e+002
  4.1229872e+002
  4.0306307e+002
  3.9391210e+002
  3.8484675e+002
  3.7586790e+002
  3.6697647e+002
  3.5817335e+002
  3.4945940e+002
  3.4083551e+002
  3.3230253e+002
  3.2386132e+002
  3.1551273e+002
  3.0725758e+002
  2.9909671e+002
  2.9103093e+002
  2.8306104e+002
  2.7518784e+002
  2.6741213e+002
  2.5973467e+002
  2.5215624e+002
  2.4467760e+002
  2.3729948e+002
  2.3002263e+002
  2.2284779e+002
  2.1577565e+002
  2.0880694e+002
  2.0194234e+002
  1.9518255e+002
  1.8852824e+002
  1.8198008e+002
  1.7553872e+002
  1.6920480e+002
  1.6297896e+002
  1.5686183e+002
  1.5085400e+002
  1.4495609e+002
  1.3916869e+002
  1.3349236e+002
  1.2792769e+002
  1.2247522e+002
  1.1713550e+002
  1.1190907e+002
  1.0679645e+002
  1.0179814e+002
  9.6914658e+001
  9.2146481e+001
  8.7494088e+001
  8.2957945e+001
  7.8538505e+001
  7.4236211e+001
  7.0051491e+001
  6.5984766e+001
  6.2036441e+001
  5.8206912e+001
  5.4496561e+001
  5.0905759e+001
  4.7434865e+001
  4.4084228e+001
  4.0854180e+001
  3.7745047e+001
  3.4757137e+001
  3.1890752e+001
  2.9146176e+001
  2.6523684e+001
  2.4023539e+001
  2.1645990e+001
  1.9391276e+001
  1.7259622e+001
  1.5251241e+001
  1.3366334e+001
  1.1605089e+001
  9.9676821e+000
  8.4542777e+000
  7.0650269e+000
  5.8000686e+000
  4.6595292e+000
  3.6435228e+000
  2.7521510e+000
  1.9855030e+000
  1.3436554e+000
  8.2667236e-001
  4.3460563e-001
  1.6749439e-001
  2.5365369e-002
  0.0000000e+000
  6.2499479e-002
  2.4999167e-001
  5.6245781e-001
  9.9986667e-001
  1.5621745e+000
  2.2493251e+000
  3.0612497e+000
  3.9978671e+000
  5.0590837e+000
  6.2447934e+000
  7.5548776e+000
  8.9892052e+000
  1.0547633e+001
  1.2230005e+001
  1.4036153e+001
  1.5965896e+001
  1.8019041e+001
  2.0195384e+001
  2.2494706e+001
  2.4916778e+001
  2.7461357e+001
  3.0128188e+001
  3.2917006e+001
  3.5827531e+001
  3.8859473e+001
  4.2012527e+001
  4.5286380e+001
  4.8680702e+001
  5.2195156e+001
  5.5829389e+001
  5.9583038e+001
  6.3455727e+001
  6.7447071e+001
  7.1556668e+001
  7.5784109e+001
  8.0128970e+001
  8.4590818e+001
  8.9169206e+001
  9.3863675e+001
  9.8673757e+001
  1.0359897e+002
  1.0863882e+002
  1.1379281e+002
  1.1906042e+002
  1.2444112e+002
  1.2993438e+002
  1.3553964e+002
  1.4125635e+002
  1.4708393e+002
  1.5302180e+002
  1.5906937e+002
  1.6522603e+002
  1.7149116e+002
  1.7786415e+002
  1.8434435e+002
  1.9093111e+002
  1.9762378e+002
  2.0442169e+002
  2.1132415e+002
  2.1833048e+002
  2.2543998e+002
  2.3265193e+002
  2.3996561e+002
  2.4738030e+002
  2.5489525e+002
  2.6250971e+002
  2.7022292e+002
  2.7803410e+002
  2.8594248e+002
  2.9394727e+002
  3.0204766e+002
  3.1024284e+002
  3.1853200e+002
  3.2691430e+002
  3.3538891e+002
  3.4395499e+002
  3.5261166e+002
  3.6135808e+002
  3.7019336e+002
  3.7911661e+002
  3.8812696e+002
  3.9722349e+002
  4.0640530e+002
  4.1567147e+002
  4.2502107e+002
  4.3445316e+002
  4.4396682e+002
  4.5356107e+002
  4.6323497e+002
  4.7298754e+002
  4.8281781e+002
  4.9272480e+002
  5.0270752e+002
  5.1276497e+002
  5.2289614e+002
  5.3310002e+002
  5.4337559e+002
  5.5372182e+002
  5.6413767e+002
  5.7462212e+002
  5.8517410e+002
  5.9579256e+002
  6.0647644e+002
  6.1722468e+002
  6.2803619e+002
  6.3890990e+002
  6.4984471e+002
  6.6083954e+002
  6.7189329e+002
  6.8300485e+002
  6.9417310e+002
  7.0539694e+002
  7.1667524e+002
  7.2800687e+002
  7.3939070e+002
  7.5082559e+002
  7.6231039e+002
  7.7384397e+002
  7.8542516e+002
  7.9705281e+002
  8.0872575e+002
  8.2044282e+002
  8.3220284e+002
  8.4400464e+002
  8.5584705e+002
  8.6772886e+002
  8.7964891e+002
  8.9160599e+002
  9.0359891e+002
  9.1562646e+002
  9.2768746e+002
  9.3978069e+002
  9.5190493e+002
  9.6405899e+002
  9.7624164e+002
  9.8845167e+002
  1.0006878e+003
  1.0129490e+003
  1.0252338e+003
  1.0375411e+003
  1.0498696e+003
  1.0622182e+003
  1.0745855e+003
  1.0869704e+003
  1.0993715e+003
  1.1117878e+003
  1.1242178e+003
  1.1366605e+003
  1.1491144e+003
  1.1615785e+003
  1.1740514e+003
  1.1865319e+003
  1.1990187e+003
  1.2115107e+003
  1.2240065e+003
  1.2365049e+003
  1.2490046e+003
  1.2615044e+003
  1.2740031e+003
  1.2864994e+003
  1.2989920e+003
  1.3114798e+003
  1.3239614e+003
  1.3364356e+003
  1.3489011e+003
  1.3613568e+003
  1.3738013e+003
  1.3862334e+003
  1.3986520e+003
  1.4110556e+003
  1.4234432e+003
  1.4358134e+003
  1.4481650e+003
  1.4604968e+003
  1.4728076e+003
  1.4850960e+003
  1.4973610e+003
  1.5096013e+003
  1.5218155e+003
  1.5340026e+003
  1.5461613e+003
  1.5582904e+003
  1.5703886e+003
  1.5824548e+003
  1.5944878e+003
  1.6064863e+003
  1.6184492e+003
  1.6303752e+003
  1.6422632e+003
  1.6541120e+003
  1.6659203e+003
  1.6776871e+003
  1.6894111e+003
  1.7010911e+003
  1.7127260e+003
  1.7243147e+003
  1.7358559e+003
  1.7473486e+003
  1.7587915e+003
  1.7701835e+003
  1.7815236e+003
  1.7928104e+003
  1.8040430e+003
  1.8152202e+003
  1.8263409e+003
  1.8374039e+003
  1.8484082e+003
  1.8593526e+003
  1.8702361e+003
  1.8810576e+003
  1.8918160e+003
  1.9025102e+003
  1.9131392e+003
  1.9237018e+003
  1.9341971e+003
  1.9446239e+003
  1.9549813e+003
  1.9652682e+003
  1.9754836e+003
  1.9856264e+003
  1.9956957e+003
  2.0056903e+003
  2.0156095e+003
  2.0254520e+003
  2.0352170e+003
  2.0449035e+003
  2.0545105e+003
  2.0640371e+003
  2.0734822e+003
  2.0828450e+003
  2.0921245e+003
  2.1013199e+003
  2.1104300e+003
  2.1194542e+003
  2.1283913e+003
  2.1372407e+003
  2.1460013e+003
  2.1546723e+003
  2.1632529e+003
  2.1717421e+003
  2.1801392e+003
  2.1884433e+003
  2.1966535e+003
  2.2047690e+003
  2.2127891e+003
  2.2207129e+003
  2.2285396e+003
  2.2362684e+003
  2.2438987e+003
  2.2514295e+003
  2.2588602e+003
  2.2661900e+003
  2.2734182e+003
  2.2805441e+003
  2.2875669e+003
  2.2944860e+003
  2.3013006e+003
  2.3080101e+003
  2.3146137e+003
  2.3211109e+003
  2.3275010e+003
  2.3337834e+003
  2.3399574e+003
  2.3460224e+003
  2.3519777e+003
  2.3578229e+003
  2.3635573e+003
  2.3691804e+003
  2.3746915e+003
  2.3800902e+003
  2.3853758e+003
  2.3905480e+003
  2.3956060e+003
  2.4005495e+003
  2.4053780e+003
  2.4100909e+003
  2.4146878e+003
  2.4191682e+003
  2.4235318e+003
  2.4277779e+003
  2.4319063e+003
  2.4359165e+003
  2.4398081e+003
  2.4435808e+003
  2.4472340e+003
  2.4507676e+003
  2.4541811e+003
  2.4574741e+003
  2.4606465e+003
  2.4636977e+003
  2.4666276e+003
  2.4694358e+003
  2.4721221e+003
  2.4746862e+003
  2.4771278e+003
  2.4794466e+003
  2.4816426e+003
  2.4837154e+003
  2.4856648e+003
  2.4874906e+003
  2.4891927e+003
  2.4907709e+003
  2.4922250e+003
  2.4935549e+003
  2.4947604e+003
  2.4958415e+003
  2.4967979e+003
  2.4976297e+003
  2.4983367e+003
  2.4989189e+003
  2.4993762e+003
  2.4997086e+003
  2.4999160e+003
  2.4999984e+003
  2.4999558e+003
  2.4997882e+003
  2.4994957e+003
  2.4990782e+003
  2.4985357e+003
  2.4978685e+003
  2.4970764e+003
  2.4961596e+003
  2.4951183e+003
  2.4939524e+003
  2.4926621e+003
  2.4912475e+003
  2.4897089e+003
  2.4880462e+003
  2.4862598e+003
  2.4843497e+003
  2.4823162e+003
  2.4801595e+003
  2.4778797e+003
  2.4754772e+003
  2.4729521e+003
  2.4703047e+003
  2.4675353e+003
  2.4646442e+003
  2.4616315e+003
  2.4584977e+003
  2.4552431e+003
  2.4518679e+003
  2.4483726e+003
  2.4447574e+003
  2.4410228e+003
  2.4371690e+003
  2.4331965e+003
  2.4291057e+003
  2.4248970e+003
  2.4205709e+003
  2.4161276e+003
  2.4115678e+003
  2.4068917e+003
  2.4021000e+003
  2.3971931e+003
  2.3921715e+003
  2.3870357e+003
  2.3817861e+003
  2.3764234e+003
  2.3709480e+003
  2.3653606e+003
  2.3596616e+003
  2.3538516e+003
  2.3479313e+003
  2.3419011e+003
  2.3357618e+003
  2.3295139e+003
  2.3231580e+003
  2.3166949e+003
  2.3101250e+003
  2.3034492e+003
  2.2966680e+003
  2.2897821e+003
  2.2827923e+003
  2.2756992e+003
  2.2685035e+003
  2.2612060e+003
  2.2538073e+003
  2.2463083e+003
  2.2387096e+003
  2.2310121e+003
  2.2232165e+003
  2.2153235e+003
  2.2073340e+003
  2.1992488e+003
  2.1910687e+003
  2.1827944e+003
  2.1744269e+003
  2.1659669e+003
  2.1574154e+003
  2.1487731e+003
  2.1400409e+003
  2.1312197e+003
  2.1223104e+003
  2.1133139e+003
  2.1042310e+003
  2.0950627e+003
  2.0858099e+003
  2.0764735e+003
  2.0670545e+003
  2.0575538e+003
  2.0479723e+003
  2.0383110e+003
  2.0285709e+003
  2.0187530e+003
  2.0088581e+003
  1.9988874e+003
  1.9888418e+003
  1.9787223e+003
  1.9685299e+003
  1.9582657e+003
  1.9479307e+003
  1.9375258e+003
  1.9270522e+003
  1.9165109e+003
  1.9059030e+003
  1.8952295e+003
  1.8844914e+003
  1.8736899e+003
  1.8628260e+003
  1.8519009e+003
  1.8409155e+003
  1.8298711e+003
  1.8187687e+003
  1.8076094e+003
  1.7963943e+003
  1.7851246e+003
  1.7738014e+003
  1.7624258e+003
  1.7509990e+003
  1.7395220e+003
  1.7279961e+003
  1.7164225e+003
  1.7048021e+003
  1.6931363e+003
  1.6814262e+003
  1.6696730e+003
  1.6578777e+003
  1.6460417e+003
  1.6341661e+003
  1.6222521e+003
  1.6103008e+003
  1.5983135e+003
  1.5862914e+003
  1.5742356e+003
  1.5621475e+003
  1.5500281e+003
  1.5378787e+003
  1.5257005e+003
  1.5134947e+003
  1.5012627e+003
  1.4890054e+003
  1.4767243e+003
  1.4644205e+003
  1.4520953e+003
  1.4397498e+003
  1.4273854e+003
  1.4150032e+003
  1.4026046e+003
  1.3901907e+003
  1.3777627e+003
  1.3653220e+003
  1.3528698e+003
  1.3404072e+003
  1.3279356e+003
  1.3154563e+003
  1.3029704e+003
  1.2904791e+003
  1.2779839e+003
  1.2654858e+003
  1.2529862e+003
  1.2404863e+003
  1.2279874e+003
  1.2154906e+003
  1.2029973e+003
  1.1905087e+003
  1.1780261e+003
  1.1655506e+003
  1.1530836e+003
  1.1406263e+003
  1.1281799e+003
  1.1157457e+003
  1.1033249e+003
  1.0909188e+003
  1.0785286e+003
  1.0661556e+003
  1.0538009e+003
  1.0414658e+003
  1.0291516e+003
  1.0168595e+003
  1.0045907e+003
  9.9234649e+002
  9.8012800e+002
  9.6793649e+002
  9.5577320e+002
  9.4363932e+002
  9.3153608e+002
  9.1946469e+002
  9.0742635e+002
  8.9542227e+002
  8.8345364e+002
  8.7152167e+002
  8.5962755e+002
  8.4777246e+002
  8.3595760e+002
  8.2418414e+002
  8.1245326e+002
  8.0076614e+002
  7.8912394e+002
  7.7752782e+002
  7.6597895e+002
  7.5447849e+002
  7.4302758e+002
  7.3162736e+002
  7.2027898e+002
  7.0898357e+002
  6.9774226e+002
  6.8655618e+002
  6.7542644e+002
  6.6435416e+002
  6.5334044e+002
  6.4238639e+002
  6.3149310e+002
  6.2066166e+002
  6.0989315e+002
  5.9918866e+002
  5.8854924e+002
  5.7797597e+002
  5.6746990e+002
  5.5703208e+002
  5.4666356e+002
  5.3636537e+002
  5.2613854e+002
  5.1598410e+002
  5.0590307e+002
  4.9589644e+002
  4.8596521e+002
  4.7611040e+002
  4.6633297e+002
  4.5663391e+002
  4.4701418e+002
  4.3747475e+002
  4.2801657e+002
  4.1864059e+002
  4.0934775e+002
  4.0013897e+002
  3.9101517e+002
  3.8197728e+002
  3.7302618e+002
  3.6416278e+002
  3.5538797e+002
  3.4670261e+002
  3.3810759e+002
  3.2960375e+002
  3.2119195e+002
  3.1287303e+002
  3.0464782e+002
  2.9651715e+002
  2.8848183e+002
  2.8054265e+002
  2.7270042e+002
  2.6495592e+002
  2.5730993e+002
  2.4976320e+002
  2.4231649e+002
  2.3497056e+002
  2.2772612e+002
  2.2058391e+002
  2.1354464e+002
  2.0660902e+002
  1.9977773e+002
  1.9305147e+002
  1.8643090e+002
  1.7991669e+002
  1.7350948e+002
  1.6720992e+002
  1.6101864e+002
  1.5493626e+002
  1.4896338e+002
  1.4310060e+002
  1.3734852e+002
  1.3170770e+002
  1.2617870e+002
  1.2076209e+002
  1.1545840e+002
  1.1026816e+002
  1.0519190e+002
  1.0023012e+002
  9.5383309e+001
  9.0651962e+001
  8.6036548e+001
  8.1537530e+001
  7.7155357e+001
  7.2890468e+001
  6.8743288e+001
  6.4714234e+001
  6.0803707e+001
  5.7012098e+001
  5.3339787e+001
  4.9787142e+001
  4.6354516e+001
  4.3042254e+001
  3.9850687e+001
  3.6780134e+001
  3.3830902e+001
  3.1003286e+001
  2.8297568e+001
  2.5714020e+001
  2.3252899e+001
  2.0914452e+001
  1.8698912e+001
  1.6606502e+001
  1.4637430e+001
  1.2791893e+001
  1.1070076e+001
  9.4721503e+000
  7.9982769e+000
  6.6486025e+000
  5.4232623e+000
  4.3223787e+000
  3.3460619e+000
  2.4944093e+000
  1.7675064e+000
  1.1654256e+000
  6.8822722e-001
  3.3595899e-001
  1.0865613e-001
  6.3413583e-003
  2.9024912e-002
  1.7670452e-001
  4.4936542e-001
  8.4698034e-001
  1.3695095e+000
  2.0169007e+000
  2.7890892e+000
  3.6859977e+000
  4.7075365e+000
  5.8536036e+000
  7.1240843e+000
  8.5188516e+000
  1.0037766e+001
  1.1680675e+001
  1.3447416e+001
  1.5337810e+001
  1.7351670e+001
  1.9488794e+001
  2.1748968e+001
  2.4131965e+001
  2.6637549e+001
  2.9265468e+001
  3.2015459e+001
  3.4887248e+001
  3.7880547e+001
  4.0995057e+001
  4.4230466e+001
  4.7586451e+001
  5.1062677e+001
  5.4658795e+001
  5.8374447e+001
  6.2209260e+001
  6.6162851e+001
  7.0234825e+001
  7.4424775e+001
  7.8732281e+001
  8.3156912e+001
  8.7698227e+001
  9.2355772e+001
  9.7129080e+001
  1.0201767e+002
  1.0702106e+002
  1.1213875e+002
  1.1737023e+002
  1.2271496e+002
  1.2817242e+002
  1.3374207e+002
  1.3942334e+002
  1.4521567e+002
  1.5111847e+002
  1.5713116e+002
  1.6325314e+002
  1.6948379e+002
  1.7582249e+002
  1.8226861e+002
  1.8882150e+002
  1.9548051e+002
  2.0224496e+002
  2.0911420e+002
  2.1608752e+002
  2.2316423e+002
  2.3034362e+002
  2.3762498e+002
  2.4500758e+002
  2.5249067e+002
  2.6007352e+002
  2.6775535e+002
  2.7553541e+002
  2.8341292e+002
  2.9138708e+002
  2.9945710e+002
  3.0762218e+002
  3.1588150e+002
  3.2423422e+002
  3.3267952e+002
  3.4121655e+002
  3.4984446e+002
  3.5856239e+002
  3.6736946e+002
  3.7626479e+002
  3.8524749e+002
  3.9431667e+002
  4.0347141e+002
  4.1271081e+002
  4.2203393e+002
  4.3143986e+002
  4.4092763e+002
  4.5049632e+002
  4.6014495e+002
  4.6987257e+002
  4.7967820e+002
  4.8956086e+002
  4.9951956e+002
  5.0955331e+002
  5.1966111e+002
  5.2984194e+002
  5.4009478e+002
  5.5041862e+002
  5.6081241e+002
  5.7127512e+002
  5.8180570e+002
  5.9240310e+002
  6.0306626e+002
  6.1379412e+002
  6.2458559e+002
  6.3543960e+002
  6.4635507e+002
  6.5733091e+002
  6.6836601e+002
  6.7945927e+002
  6.9060959e+002
  7.0181584e+002
  7.1307691e+002
  7.2439168e+002
  7.3575900e+002
  7.4717775e+002
  7.5864678e+002
  7.7016495e+002
  7.8173110e+002
  7.9334407e+002
  8.0500271e+002
  8.1670585e+002
  8.2845232e+002
  8.4024094e+002
  8.5207054e+002
  8.6393993e+002
  8.7584793e+002
  8.8779334e+002
  8.9977498e+002
  9.1179163e+002
  9.2384211e+002
  9.3592520e+002
  9.4803969e+002
  9.6018439e+002
  9.7235806e+002
  9.8455950e+002
  9.9678748e+002
  1.0090408e+003
  1.0213182e+003
  1.0336185e+003
  1.0459404e+003
  1.0582827e+003
  1.0706442e+003
  1.0830236e+003
  1.0954197e+003
  1.1078313e+003
  1.1202571e+003
  1.1326958e+003
  1.1451463e+003
  1.1576073e+003
  1.1700775e+003
  1.1825557e+003
  1.1950407e+003
  1.2075311e+003
  1.2200258e+003
  1.2325235e+003
  1.2450230e+003
  1.2575229e+003
  1.2700221e+003
  1.2825193e+003
  1.2950132e+003
  1.3075027e+003
  1.3199863e+003
  1.3324630e+003
  1.3449315e+003
  1.3573904e+003
  1.3698386e+003
  1.3822748e+003
  1.3946978e+003
  1.4071064e+003
  1.4194992e+003
  1.4318750e+003
  1.4442327e+003
  1.4565710e+003
  1.4688886e+003
  1.4811843e+003
  1.4934569e+003
  1.5057051e+003
  1.5179278e+003
  1.5301237e+003
  1.5422916e+003
  1.5544302e+003
  1.5665384e+003
  1.5786149e+003
  1.5906586e+003
  1.6026682e+003
  1.6146426e+003
  1.6265805e+003
  1.6384807e+003
  1.6503421e+003
  1.6621634e+003
  1.6739436e+003
  1.6856813e+003
  1.6973755e+003
  1.7090249e+003
  1.7206285e+003
  1.7321849e+003
  1.7436932e+003
  1.7551521e+003
  1.7665604e+003
  1.7779171e+003
  1.7892211e+003
  1.8004711e+003
  1.8116660e+003
  1.8228048e+003
  1.8338863e+003
  1.8449094e+003
  1.8558730e+003
  1.8667761e+003
  1.8776175e+003
  1.8883961e+003
  1.8991108e+003
  1.9097607e+003
  1.9203445e+003
  1.9308614e+003
  1.9413101e+003
  1.9516898e+003
  1.9619992e+003
  1.9722375e+003
  1.9824035e+003
  1.9924963e+003
  2.0025149e+003
  2.0124582e+003
  2.0223252e+003
  2.0321150e+003
  2.0418267e+003
  2.0514591e+003
  2.0610114e+003
  2.0704825e+003
  2.0798717e+003
  2.0891778e+003
  2.0984001e+003
  2.1075375e+003
  2.1165891e+003
  2.1255541e+003
  2.1344315e+003
  2.1432205e+003
  2.1519201e+003
  2.1605296e+003
  2.1690480e+003
  2.1774745e+003
  2.1858083e+003
  2.1940485e+003
  2.2021943e+003
  2.2102448e+003
  2.2181994e+003
  2.2260571e+003
  2.2338172e+003
  2.2414790e+003
  2.2490415e+003
  2.2565042e+003
  2.2638663e+003
  2.2711269e+003
  2.2782855e+003
  2.2853412e+003
  2.2922933e+003
  2.2991413e+003
  2.3058843e+003
  2.3125218e+003
  2.3190530e+003
  2.3254773e+003
  2.3317940e+003
  2.3380026e+003
  2.3441023e+003
  2.3500927e+003
  2.3559731e+003
  2.3617428e+003
  2.3674014e+003
  2.3729482e+003
  2.3783828e+003
  2.3837045e+003
  2.3889128e+003
  2.3940073e+003
  2.3989873e+003
  2.4038525e+003
  2.4086022e+003
  2.4132362e+003
  2.4177537e+003
  2.4221546e+003
  2.4264382e+003
  2.4306041e+003
  2.4346520e+003
  2.4385814e+003
  2.4423920e+003
  2.4460833e+003
  2.4496551e+003
  2.4531068e+003
  2.4564383e+003
  2.4596491e+003
  2.4627389e+003
  2.4657075e+003
  2.4685545e+003
  2.4712797e+003
  2.4738827e+003
  2.4763633e+003
  2.4787213e+003
  2.4809565e+003
  2.4830685e+003
  2.4850572e+003
  2.4869225e+003
  2.4886640e+003
  2.4902817e+003
  2.4917753e+003
  2.4931448e+003
  2.4943899e+003
  2.4955106e+003
  2.4965068e+003
  2.4973783e+003
  2.4981251e+003
  2.4987470e+003
  2.4992441e+003
  2.4996163e+003
  2.4998635e+003
  2.4999857e+003
  2.4999830e+003
  2.4998552e+003
  2.4996024e+003
  2.4992247e+003
  2.4987221e+003
  2.4980946e+003
  2.4973422e+003
  2.4964652e+003
  2.4954635e+003
  2.4943373e+003
  2.4930866e+003
  2.4917116e+003
  2.4902125e+003
  2.4885893e+003
  2.4868422e+003
  2.4849715e+003
  2.4829773e+003
  2.4808598e+003
  2.4786192e+003
  2.4762558e+003
  2.4737697e+003
  2.4711612e+003
  2.4684307e+003
  2.4655783e+003
  2.4626043e+003
  2.4595091e+003
  2.4562929e+003
  2.4529561e+003
  2.4494990e+003
  2.4459220e+003
  2.4422253e+003
  2.4384095e+003
  2.4344748e+003
  2.4304216e+003
  2.4262504e+003
  2.4219616e+003
  2.4175556e+003
  2.4130328e+003
  2.4083938e+003
  2.4036389e+003
  2.3987686e+003
  2.3937835e+003
  2.3886839e+003
  2.3834706e+003
  2.3781438e+003
  2.3727043e+003
  2.3671525e+003
  2.3614889e+003
  2.3557143e+003
  2.3498290e+003
  2.3438338e+003
  2.3377292e+003
  2.3315158e+003
  2.3251943e+003
  2.3187652e+003
  2.3122293e+003
  2.3055871e+003
  2.2988394e+003
  2.2919868e+003
  2.2850300e+003
  2.2779697e+003
  2.2708066e+003
  2.2635415e+003
  2.2561750e+003
  2.2487078e+003
  2.2411408e+003
  2.2334747e+003
  2.2257102e+003
  2.2178482e+003
  2.2098894e+003
  2.2018346e+003
  2.1936846e+003
  2.1854402e+003
  2.1771023e+003
  2.1686717e+003
  2.1601492e+003
  2.1515357e+003
  2.1428321e+003
  2.1340391e+003
  2.1251578e+003
  2.1161890e+003
  2.1071335e+003
  2.0979923e+003
  2.0887663e+003
  2.0794565e+003
  2.0700637e+003
  2.0605889e+003
  2.0510330e+003
  2.0413971e+003
  2.0316820e+003
  2.0218887e+003
  2.0120182e+003
  2.0020716e+003
  1.9920497e+003
  1.9819536e+003
  1.9717844e+003
  1.9615429e+003
  1.9512303e+003
  1.9408476e+003
  1.9303958e+003
  1.9198760e+003
  1.9092891e+003
  1.8986364e+003
  1.8879187e+003
  1.8771373e+003
  1.8662932e+003
  1.8553875e+003
  1.8444212e+003
  1.8333954e+003
  1.8223114e+003
  1.8111700e+003
  1.7999726e+003
  1.7887202e+003
  1.7774139e+003
  1.7660549e+003
  1.7546443e+003
  1.7431832e+003
  1.7316727e+003
  1.7201142e+003
  1.7085086e+003
  1.6968571e+003
  1.6851610e+003
  1.6734213e+003
  1.6616393e+003
  1.6498162e+003
  1.6379531e+003
  1.6260511e+003
  1.6141116e+003
  1.6021357e+003
  1.5901245e+003
  1.5780793e+003
  1.5660014e+003
  1.5538918e+003
  1.5417518e+003
  1.5295827e+003
  1.5173856e+003
  1.5051617e+003
  1.4929124e+003
  1.4806387e+003
  1.4683420e+003
  1.4560235e+003
  1.4436843e+003
  1.4313258e+003
  1.4189492e+003
  1.4065556e+003
  1.3941465e+003
  1.3817228e+003
  1.3692861e+003
  1.3568374e+003
  1.3443780e+003
  1.3319091e+003
  1.3194321e+003
  1.3069481e+003
  1.2944585e+003
  1.2819644e+003
  1.2694671e+003
  1.2569678e+003
  1.2444679e+003
  1.2319685e+003
  1.2194709e+003
  1.2069764e+003
  1.1944861e+003
  1.1820014e+003
  1.1695236e+003
  1.1570537e+003
  1.1445932e+003
  1.1321432e+003
  1.1197050e+003
  1.1072798e+003
  1.0948689e+003
  1.0824735e+003
  1.0700948e+003
  1.0577342e+003
  1.0453927e+003
  1.0330718e+003
  1.0207725e+003
  1.0084961e+003
  9.9624392e+002
  9.8401709e+002
  9.7181686e+002
  9.5964444e+002
  9.4750107e+002
  9.3538794e+002
  9.2330627e+002
  9.1125727e+002
  8.9924215e+002
  8.8726210e+002
  8.7531832e+002
  8.6341201e+002
  8.5154436e+002
  8.3971656e+002
  8.2792978e+002
  8.1618521e+002
  8.0448403e+002
  7.9282739e+002
  7.8121647e+002
  7.6965243e+002
  7.5813642e+002
  7.4666959e+002
  7.3525311e+002
  7.2388809e+002
  7.1257569e+002
  7.0131702e+002
  6.9011323e+002
  6.7896542e+002
  6.6787472e+002
  6.5684223e+002
  6.4586905e+002
  6.3495629e+002
  6.2410503e+002
  6.1331636e+002
  6.0259135e+002
  5.9193109e+002
  5.8133664e+002
  5.7080905e+002
  5.6034937e+002
  5.4995867e+002
  5.3963796e+002
  5.2938829e+002
  5.1921069e+002
  5.0910616e+002
  4.9907572e+002
  4.8912037e+002
  4.7924111e+002
  4.6943892e+002
  4.5971479e+002
  4.5006969e+002
  4.4050458e+002
  4.3102042e+002
  4.2161815e+002
  4.1229872e+002
  4.0306307e+002
  3.9391210e+002
  3.8484675e+002
  3.7586790e+002
  3.6697647e+002
  3.5817335e+002
  3.4945940e+002
  3.4083551e+002
  3.3230253e+002
  3.2386132e+002
  3.1551273e+002
  3.0725758e+002
  2.9909671e+002
  2.9103093e+002
  2.8306104e+002
  2.7518784e+002
  2.6741213e+002
  2.5973467e+002
  2.5215624e+002
  2.4467760e+002
  2.3729948e+002
  2.3002263e+002
  2.2284779e+002
  2.1577565e+002
  2.0880694e+002
  2.0194234e+002
  1.9518255e+002
  1.8852824e+002
  1.8198008e+002
  1.7553872e+002
  1.6920480e+002
  1.6297896e+002
  1.5686183e+002
  1.5085400e+002
  1.4495609e+002
  1.3916869e+002
  1.3349236e+002
  1.2792769e+002
  1.2247522e+002
  1.1713550e+002
  1.1190907e+002
  1.0679645e+002
  1.0179814e+002
  9.6914658e+001
  9.2146481e+001
  8.7494088e+001
  8.2957945e+001
  7.8538505e+001
  7.4236211e+001
  7.0051491e+001
  6.5984766e+001
  6.2036441e+001
  5.8206912e+001
  5.4496561e+001
  5.0905759e+001
  4.7434865e+001
  4.4084228e+001
  4.0854180e+001
  3.7745047e+001
  3.4757137e+001
  3.1890752e+001
  2.9146176e+001
  2.6523684e+001
  2.4023539e+001
  2.1645990e+001
  1.9391276e+001
  1.7259622e+001
  1.5251241e+001
  1.3366334e+001
  1.1605089e+001
  9.9676821e+000
  8.4542777e+000
  7.0650269e+000
  5.8000686e+000
  4.6595292e+000
  3.6435228e+000
  2.7521510e+000
  1.9855030e+000
  1.3436554e+000
  8.2667236e-001
  4.3460563e-001
  1.6749439e-001
  2.5365369e-002
